array([[ 0.99994809,  0.00579939, -0.00837788],
       [-0.00579074,  0.99998267,  0.001057  ],
       [ 0.00838386, -0.00100843,  0.99996435]])

array([[ 9.99433047e-01, -3.86779791e-04,  3.36665124e-02],
       [ 4.21552879e-04,  9.99999385e-01, -1.02577675e-03],
       [-3.36660950e-02,  1.03938740e-03,  9.99432596e-01]])

array([[2.63893873e+03, 0.00000000e+00, 9.31667976e+02, 0.00000000e+00],
       [0.00000000e+00, 2.63893873e+03, 6.05840981e+02, 0.00000000e+00],
       [0.00000000e+00, 0.00000000e+00, 1.00000000e+00, 0.00000000e+00]])

array([[ 2.63893873e+03,  0.00000000e+00,  9.31667976e+02, -1.27734647e+06],
       [ 0.00000000e+00,  2.63893873e+03,  6.05840981e+02, 0.00000000e+00],
       [ 0.00000000e+00,  0.00000000e+00,  1.00000000e+00, 0.00000000e+00]])

0.6300185861562201

array([[2.64031172e+03, 0.00000000e+00, 9.48526379e+02],
       [0.00000000e+00, 2.63996030e+03, 5.92086697e+02],
       [0.00000000e+00, 0.00000000e+00, 1.00000000e+00]])

array([[2.63789900e+03, 0.00000000e+00, 9.89812822e+02],
       [0.00000000e+00, 2.63791717e+03, 6.19141486e+02],
       [0.00000000e+00, 0.00000000e+00, 1.00000000e+00]])

0.5837463215263261

0.5940693454158336

array([[-1.68951576e-01, -2.48352815e-01, -7.18363837e-04,1.97437956e-03,  1.59870482e+00]])

array([[-1.73705700e-01, -4.15026428e-01, -1.74212968e-03, -1.06569065e-03,  2.84448826e+00]])

array([[-4.83763514e+02],
       [ 1.87216093e-01],
       [-1.62958693e+01]])

array([[ 0.99909647,  0.0062516 , -0.04203758],
       [-0.00616878,  0.99997877,  0.00209959],
       [ 0.04204981, -0.00183837,  0.99911382]])