array([[ 0.22783137, -0.02738223,  0.97331551],
       [ 0.05199253,  0.99852055,  0.01592103],
       [-0.9723115 ,  0.04697782,  0.22891798]])

array([[ 0.22606018, -0.07536289,  0.97119371],
       [ 0.05075561,  0.99655977,  0.0655171 ],
       [-0.97279014,  0.03448272,  0.22910757]])

array([[4.63245057e+03, 0.00000000e+00, 6.39039429e+02, 0.00000000e+00],
       [0.00000000e+00, 4.63245057e+03, 1.70326317e+03, 0.00000000e+00],
       [0.00000000e+00, 0.00000000e+00, 1.00000000e+00, 0.00000000e+00]])

array([[ 4.63245057e+03,  0.00000000e+00,  6.39039429e+02,-1.10704632e+07],
       [ 0.00000000e+00,  4.63245057e+03,  1.70326317e+03,0.00000000e+00],
       [ 0.00000000e+00,  0.00000000e+00,  1.00000000e+00,0.00000000e+00]])

0.6088698259854372

array([[6.05620758e+03, 0.00000000e+00, 9.71311857e+02],
       [0.00000000e+00, 6.14757536e+03, 5.62275889e+02],
       [0.00000000e+00, 0.00000000e+00, 1.00000000e+00]])

array([[6.05620758e+03, 0.00000000e+00, 9.71311857e+02],
       [0.00000000e+00, 6.14757536e+03, 5.62275889e+02],
       [0.00000000e+00, 0.00000000e+00, 1.00000000e+00]])

0.3304236193635975

0.19680929984580683

array([[-4.54178570e-02, -5.90352700e+01,  4.25557846e-02,
         5.11334973e-02,  1.12650498e+03]])

array([[-2.29256282e-01, -6.08974206e+00,  3.03684583e-03,
        -1.72356435e-03,  8.69185092e+01]])

array([[ 0.99999755, -0.00120907, -0.00185319],
       [ 0.00111568,  0.99876894, -0.04959189],
       [ 0.00191086,  0.0495897 ,  0.99876785]])

array([[ -540.23046919],
       [  180.09950468],
       [-2320.92368509]])