array([[ 0.99945556,  0.00525146, -0.03257316],
       [-0.00528872,  0.99998546, -0.00105785],
       [ 0.03256713,  0.00122954,  0.99946879]])

array([[ 0.99990912,  0.00198058,  0.01333514],
       [-0.00199583,  0.99999737,  0.00113057],
       [-0.01333287, -0.00115708,  0.99991044]])

array([[2.64407240e+03, 0.00000000e+00, 9.84889389e+02, 0.00000000e+00],
       [0.00000000e+00, 2.64407240e+03, 6.73890579e+02, 0.00000000e+00],
       [0.00000000e+00, 0.00000000e+00, 1.00000000e+00, 0.00000000e+00]])

array([[ 2.64407240e+03,  0.00000000e+00,  9.84889389e+02, -1.29208661e+06],
       [ 0.00000000e+00,  2.64407240e+03,  6.73890579e+02, 0.00000000e+00],
       [ 0.00000000e+00,  0.00000000e+00,  1.00000000e+00, 0.00000000e+00]])

0.513005028797915

array([[2.63798538e+03, 0.00000000e+00, 9.25148541e+02],
       [0.00000000e+00, 2.63810400e+03, 6.61814129e+02],
       [0.00000000e+00, 0.00000000e+00, 1.00000000e+00]])

array([[2.64814819e+03, 0.00000000e+00, 9.83382680e+02],
       [0.00000000e+00, 2.65004080e+03, 7.01370412e+02],
       [0.00000000e+00, 0.00000000e+00, 1.00000000e+00]])

0.4730888137350659

0.468005423371484

array([[-1.32193664e-01, -4.75010303e-01,  2.36482201e-03,
         7.17427195e-04,  1.83475107e+00]])

array([[-2.01704164e-01, -7.74677429e-01, -1.63609885e-03,
        -5.02223311e-03,  5.52792334e+00]])

array([[ 0.99894107,  0.00323879, -0.04589387],
       [-0.00334689,  0.9999918 , -0.00227882],
       [ 0.04588612,  0.00243001,  0.99894372]])

array([[-488.62852032],
       [  -0.96785446],
       [  -6.51652363]])