array([[ 9.99775859e-01,  5.25953269e-03, -2.05077805e-02],
       [-5.23834945e-03,  9.99985689e-01,  1.08651941e-03],
       [ 2.05132016e-02, -9.78848953e-04,  9.99789103e-01]])

array([[ 9.99753442e-01, -9.08038415e-05,  2.22046679e-02],
       [ 1.13736901e-04,  9.99999461e-01, -1.03154281e-03],
       [-2.22045623e-02,  1.03381397e-03,  9.99752914e-01]])

array([[2.63611777e+03, 0.00000000e+00, 9.55333664e+02, 0.00000000e+00],
       [0.00000000e+00, 2.63611777e+03, 6.18581131e+02, 0.00000000e+00],
       [0.00000000e+00, 0.00000000e+00, 1.00000000e+00, 0.00000000e+00]])

array([[ 2.63611777e+03,  0.00000000e+00,  9.55333664e+02,-1.27360722e+06],
       [ 0.00000000e+00,  2.63611777e+03,  6.18581131e+02,0.00000000e+00],
       [ 0.00000000e+00,  0.00000000e+00,  1.00000000e+00,0.00000000e+00]])

0.6247540711647673

array([[2.63629303e+03, 0.00000000e+00, 9.34712485e+02],
       [0.00000000e+00, 2.63474108e+03, 6.06637548e+02],
       [0.00000000e+00, 0.00000000e+00, 1.00000000e+00]])

array([[2.63689370e+03, 0.00000000e+00, 9.76726050e+02],
       [0.00000000e+00, 2.63749445e+03, 6.33634723e+02],
       [0.00000000e+00, 0.00000000e+00, 1.00000000e+00]])

0.5845597085483639

0.584606542227349

array([[-1.67748220e-01, -2.16753324e-01,  1.14465508e-04,
         4.37031276e-04,  1.40058772e+00]])

array([[-1.77450868e-01, -2.39306077e-01, -1.03764036e-03,
        -1.76544337e-03,  1.78343686e+00]])

array([[ 0.99907327,  0.00539371, -0.04270248],
       [-0.00530792,  0.99998366,  0.00212198],
       [ 0.04271323, -0.00189335,  0.99908558]])

array([[-4.83018330e+02],
       [ 4.38707365e-02],
       [-1.07279066e+01]])