image_width: 1936
image_height: 1216
camera_name: camera_left
camera_matrix:
  rows: 3
  cols: 3
  data: [6056.20758, 0.00000000, 971.311857,0.00000000, 6147.57536, 562.275889,0.00000000, 0.00000000, 1.00000000]
distortion_model: plumb_bob
distortion_coefficients:
  rows: 1
  cols: 5
  data: [-0.0454178570, -59.0352700,  0.0425557846,0.0511334973,  1126.50498]
rectification_matrix:
  rows: 3
  cols: 3
  data: [ 0.22783137, -0.02738223,  0.97331551,0.05199253,  0.99852055,  0.01592103,-0.9723115 ,  0.04697782,  0.22891798]
projection_matrix:
  rows: 3
  cols: 4
  data: [4632.45057, 0.00000000, 639.039429, 0.00000000,0.00000000, 4632.45057, 1703.26317, 0.00000000,0.00000000, 0.00000000, 1.00000000, 0.00000000]