image_width: 1936
image_height: 1216
camera_name: camera_left
camera_matrix:
  rows: 3
  cols: 3
  data: [2637.98538, 0.00000000, 925.148541,0.00000000e+00, 2.63810400e+03, 6.61814129e+02,0.00000000e+00, 0.00000000e+00, 1.00000000e+00]
distortion_model: plumb_bob
distortion_coefficients:
  rows: 1
  cols: 5
  data: [-1.32193664e-01, -4.75010303e-01,  2.36482201e-03,7.17427195e-04,  1.83475107e+00]
rectification_matrix:
  rows: 3
  cols: 3
  data: [ 0.99945556,  0.00525146, -0.03257316,-0.00528872,  0.99998546, -0.00105785, 0.03256713,  0.00122954,  0.99946879]
projection_matrix:
  rows: 3
  cols: 4
  data: [2.64407240e+03, 0.00000000e+00, 9.84889389e+02, 0.00000000e+00,0.00000000e+00, 2.64407240e+03, 6.73890579e+02, 0.00000000e+00,0.00000000e+00, 0.00000000e+00, 1.00000000e+00, 0.00000000e+00]