image_width: 1936
image_height: 1216
camera_name: camera_right
camera_matrix:
  rows: 3
  cols: 3
  data:  [2637.89900, 0.0000000, 989.812822,0.0000000, 2637.91717, 619.141486,0.0000000, 0.0000000, 1.0000000]
distortion_model: plumb_bob
distortion_coefficients:
  rows: 1
  cols: 5
  data: [-0.173705700, -0.415026428, -0.00174212968, -0.00106569065,  2.84448826]
rectification_matrix:
  rows: 3
  cols: 3
  data: [ 0.999433047, -0.000386779791,  0.0336665124,0.000421552879,  0.999999385, -0.00102577675,-0.0336660950,  0.00103938740,  0.999432596]
projection_matrix:
  rows: 3
  cols: 4
  data:  [ 2638.93873,  0.0000000,  931.667976, -1277346.47,0.0000000,  2638.93873,  605.840981, 0.0000000, 0.0000000,  0.0000000,  1.00000000, 0.00000000]