image_width: 1936
image_height: 1216
camera_name: camera_left
camera_matrix:
  rows: 3
  cols: 3
  data: [2636.29303, 0.00000000, 934.712485,0.00000000, 2634.74108, 606.637548,0.00000000, 0.00000000, 1.00000000]
distortion_model: plumb_bob
distortion_coefficients:
  rows: 1
  cols: 5
  data: [-0.167748220, -0.216753324,  0.000114465508,0.000437031276,  1.40058772]
rectification_matrix:
  rows: 3
  cols: 3
  data: [ 0.999775859,  0.00525953269, -0.0205077805,-0.00523834945,  0.999985689,  0.00108651941 ,0.0205132016, -0.000978848953,  0.999789103]
projection_matrix:
  rows: 3
  cols: 4
  data: [2636.11777, 0.00000000, 955.333664, 0.00000000,0.00000000, 2636.11777, 618.581131, 0.00000000,0.00000000, 0.00000000, 1.00000000, 0.00000000]