image_width: 1936
image_height: 1216
camera_name: camera_left
camera_matrix:
  rows: 3
  cols: 3
  data: [2640.31172, 0.00000000, 948.526379,0.00000000, 2639.96030, 592.086697,0.00000000, 0.00000000, 1.00000000]
distortion_model: plumb_bob
distortion_coefficients:
  rows: 1
  cols: 5
  data: [-0.168951576, -0.248352815, -0.000718363837,0.00197437956,  1.59870482]
rectification_matrix:
  rows: 3
  cols: 3
  data: [ 0.99994809,  0.00579939, -0.00837788,-0.00579074,  0.99998267,  0.001057,0.00838386, -0.00100843,  0.99996435]
projection_matrix:
  rows: 3
  cols: 4
  data: [2638.93873, 0.00000000, 931.667976, 0.0000000,0.00000000, 2638.93873, 605.840981, 0.00000000,0.00000000, 0.00000000, 1.00000000, 0.00000000]