{
 "cells": [
  {
   "cell_type": "markdown",
   "metadata": {},
   "source": [
    "## 1.6.4 Reprojection error for stereo pair with no pixel\n",
    "In this script, the triangulation error is calculated along with the reprojection error. \\\n",
    "The spots projected in both cameras are obtained from trying to maximize the covered area in each camera image plane at 20 meters. In this case the results are to have a 13,9 chessboard with 900mm between corners. After that the correspondences are done to 2D and the results are then used to obtain the triangulation errors."
   ]
  },
  {
   "cell_type": "markdown",
   "metadata": {},
   "source": [
    "### import  libraries"
   ]
  },
  {
   "cell_type": "code",
   "execution_count": 1,
   "metadata": {},
   "outputs": [],
   "source": [
    "vscode = 1"
   ]
  },
  {
   "cell_type": "code",
   "execution_count": 2,
   "metadata": {},
   "outputs": [],
   "source": [
    "if(vscode == 1):\n",
    "    # for vscode\n",
    "    %matplotlib qt\n",
    "else:\n",
    "    # for jupyter notebook\n",
    "    from mpl_toolkits.mplot3d import axes3d\n",
    "    import matplotlib.pyplot as plt\n",
    "\n",
    "    %matplotlib notebook\n"
   ]
  },
  {
   "cell_type": "code",
   "execution_count": 3,
   "metadata": {},
   "outputs": [],
   "source": [
    "import matplotlib.pyplot as plt\n",
    "import numpy as np\n",
    "import cv2 \n",
    "from typing import Sequence\n",
    "from calib_lib import *\n",
    "DECIMALS = 2  # how many decimal places to use in print\n"
   ]
  },
  {
   "cell_type": "markdown",
   "metadata": {},
   "source": [
    "## Calculation of the 2D points"
   ]
  },
  {
   "cell_type": "code",
   "execution_count": 4,
   "metadata": {},
   "outputs": [],
   "source": [
    "F = 16                                       # focal length( in mm )\n",
    "image_size = np.array([11.345,7.126])               # sensor size(in mm)\n",
    "PX= image_size[0]/2.0                       # principal point x-coordinate\n",
    "PY= image_size[1]/2.0                       # principal point y-coordinate\n",
    "IMAGE_HEIGTH = image_size[1]\n",
    "IMAGE_WIDTH = image_size[0]\n",
    "THETA_X = 0                                 # roll angle\n",
    "THETA_Y = 0                                 # pitch angle\n",
    "THETA_Z = 0                         # yaw angle\n",
    "\n",
    "\n",
    "# camera Right\n",
    "THETA_X_R = 0                                 # roll angle\n",
    "THETA_Y_R = 0                                 # pitch angle\n",
    "THETA_Z_R= 0                                 # yaw angle\n",
    "# camera Left\n",
    "THETA_X_L = 0                                 # roll angle\n",
    "THETA_Y_L = 0                                 # pitch angle\n",
    "THETA_Z_L= 0                                 # yaw angle\n",
    "\n",
    "C_L = np.array([0,0,0])                     # camera centre\n",
    "C_R = np.array([500,0,0])\n",
    "\n",
    "chess_dimx,chess_dimy = (13,9)\n",
    "chess_sq_size = 900"
   ]
  },
  {
   "cell_type": "code",
   "execution_count": 5,
   "metadata": {},
   "outputs": [],
   "source": [
    "world_pts = create_chessboard(chess_dimx,chess_dimy,chess_sq_size)\n",
    "X = get_chessboard_rot_trans(world_pts,rx = THETA_X,ry = THETA_Y,rz = THETA_Z,tx = 250,ty = 10,tz  = 20000)"
   ]
  },
  {
   "cell_type": "code",
   "execution_count": 6,
   "metadata": {},
   "outputs": [],
   "source": [
    "x_L_list, X_arr_L, E_L, K_L,P_L = get_image_points(X,PX,PY,thetax=THETA_X_L,thetay = THETA_Y_L,thetaz = THETA_Z_L,trans_x= -C_L[0],trans_y= -C_L[1],trans_z= -C_L[2],F = F)\n",
    "x_R_list, X_arr_R, E_R, K_R,P_R = get_image_points(X,PX,PY,thetax = THETA_X_R,thetay = THETA_Y_R, thetaz = THETA_Z_R,trans_x= -C_R[0],trans_y= -C_R[1],trans_z= -C_R[2],F = F)"
   ]
  },
  {
   "cell_type": "markdown",
   "metadata": {},
   "source": [
    "## Cameras parameters"
   ]
  },
  {
   "cell_type": "code",
   "execution_count": 7,
   "metadata": {},
   "outputs": [],
   "source": [
    "F = 16                                       # focal length( in mm )\n",
    "image_size = np.array([11,7])               # sensor size(in mm)\n",
    "PX= image_size[0]/2.0                       # principal point x-coordinate\n",
    "PY= image_size[1]/2.0                       # principal point y-coordinate\n",
    "IMAGE_HEIGTH = image_size[1]\n",
    "IMAGE_WIDTH = image_size[0]\n",
    "THETA_X = 0                                 # roll angle\n",
    "THETA_Y = 0                                 # pitch angle\n",
    "THETA_Z = 0                         # yaw angle\n",
    "\n",
    "\n",
    "# camera Right\n",
    "THETA_X_R = 0                                 # roll angle\n",
    "THETA_Y_R = 0                                 # pitch angle\n",
    "THETA_Z_R= 0                                 # yaw angle\n",
    "# camera Left\n",
    "THETA_X_L = 0                                 # roll angle\n",
    "THETA_Y_L = 0                                 # pitch angle\n",
    "THETA_Z_L= 0                                 # yaw angle\n",
    "\n",
    "C_L = np.array([0,0,0])                     # camera centre\n",
    "C_R = np.array([500,0,0])\n",
    "\n",
    "chess_dimx,chess_dimy = (13,9)\n",
    "chess_sq_size = 44\n"
   ]
  },
  {
   "cell_type": "markdown",
   "metadata": {},
   "source": [
    "## Load variables \n",
    "Load the variables from the txt files. This files contain the Projection matrix, rotation and translation from the previous scripts calibration "
   ]
  },
  {
   "cell_type": "code",
   "execution_count": 8,
   "metadata": {},
   "outputs": [],
   "source": [
    "P_L_original = [np.array([[16. ,  0. ,  5.5,  0. ],\n",
    "                        [ 0. , 16. ,  3.5,  0. ],\n",
    "                        [ 0. ,  0. ,  1. ,  0. ]]),\n",
    "                np.array([[16. ,  0. ,  5.5,  0. ],\n",
    "                        [ 0. , 16. ,  3.5,  0. ],\n",
    "                        [ 0. ,  0. ,  1. ,  0. ]]),\n",
    "                np.array([[16. ,  0. ,  5.5,  0. ],\n",
    "                        [ 0. , 16. ,  3.5,  0. ],\n",
    "                        [ 0. ,  0. ,  1. ,  0. ]]),\n",
    "                np.array([[16. ,  0. ,  5.5,  0. ],\n",
    "                        [ 0. , 16. ,  3.5,  0. ],\n",
    "                        [ 0. ,  0. ,  1. ,  0. ]]),\n",
    "                np.array([[16. ,  0. ,  5.5,  0. ],\n",
    "                        [ 0. , 16. ,  3.5,  0. ],\n",
    "                        [ 0. ,  0. ,  1. ,  0. ]]),\n",
    "                np.array([[16. ,  0. ,  5.5,  0. ],\n",
    "                        [ 0. , 16. ,  3.5,  0. ],\n",
    "                        [ 0. ,  0. ,  1. ,  0. ]])]"
   ]
  },
  {
   "cell_type": "code",
   "execution_count": 9,
   "metadata": {},
   "outputs": [],
   "source": [
    "P_R_original =  [np.array([[ 1.6e+01,  0.0e+00,  5.5e+00, -8.0e+03],\n",
    "                        [ 0.0e+00,  1.6e+01,  3.5e+00,  0.0e+00],\n",
    "                        [ 0.0e+00,  0.0e+00,  1.0e+00,  0.0e+00]]),\n",
    "                np.array([[ 1.6e+01,  0.0e+00,  5.5e+00, -8.0e+03],\n",
    "                        [ 0.0e+00,  1.6e+01,  3.5e+00,  0.0e+00],\n",
    "                        [ 0.0e+00,  0.0e+00,  1.0e+00,  0.0e+00]]),\n",
    "                np.array([[ 1.6e+01,  0.0e+00,  5.5e+00, -8.0e+03],\n",
    "                        [ 0.0e+00,  1.6e+01,  3.5e+00,  0.0e+00],\n",
    "                        [ 0.0e+00,  0.0e+00,  1.0e+00,  0.0e+00]]),\n",
    "                np.array([[ 1.6e+01,  0.0e+00,  5.5e+00, -8.0e+03],\n",
    "                        [ 0.0e+00,  1.6e+01,  3.5e+00,  0.0e+00],\n",
    "                        [ 0.0e+00,  0.0e+00,  1.0e+00,  0.0e+00]]),\n",
    "                np.array([[ 1.6e+01,  0.0e+00,  5.5e+00, -8.0e+03],\n",
    "                        [ 0.0e+00,  1.6e+01,  3.5e+00,  0.0e+00],\n",
    "                        [ 0.0e+00,  0.0e+00,  1.0e+00,  0.0e+00]]),\n",
    "                np.array([[ 1.6e+01,  0.0e+00,  5.5e+00, -8.0e+03],\n",
    "                        [ 0.0e+00,  1.6e+01,  3.5e+00,  0.0e+00],\n",
    "                        [ 0.0e+00,  0.0e+00,  1.0e+00,  0.0e+00]])]"
   ]
  },
  {
   "cell_type": "code",
   "execution_count": 10,
   "metadata": {},
   "outputs": [],
   "source": [
    "ret_S_2 =[[1.432848910419465e-07],\n",
    "        [1.8200287573925858e-07],\n",
    "        [1.844267263052522e-07],\n",
    "        [1.8472374806627585e-07],\n",
    "        [1.816662242473837e-07],\n",
    "        [1.853261158138272e-07]]\n",
    "\n",
    "ret_S_4 =[[8.44262944412354e-08],\n",
    "        [3.563859500903383e-07],\n",
    "        [2.1738734295529862e-07],\n",
    "        [1.8903969283248788e-07],\n",
    "        [1.8164798205542632e-07],\n",
    "        [1.8156030100427595e-07]]\n",
    "\n",
    "ret_S_20 =[[7.497268337023058e-08],\n",
    "        [2.4358135232104675e-05],\n",
    "        [1.1742960474496549e-05],\n",
    "        [7.662129703665435e-06],\n",
    "        [6.825492268720075e-06],\n",
    "        [0.0004217531040207744]]"
   ]
  },
  {
   "cell_type": "code",
   "execution_count": 11,
   "metadata": {},
   "outputs": [],
   "source": [
    "new_mtxL_list_2 = [     [np.array([[15.99999964,  0.        ,  5.49999968],\n",
    "                                [ 0.        , 15.99999976,  3.49999916],\n",
    "                                [ 0.        ,  0.        ,  1.        ]])],\n",
    "                        [np.array([[15.99999753,  0.        ,  5.50000097],\n",
    "                                [ 0.        , 15.99999791,  3.50000007],\n",
    "                                [ 0.        ,  0.        ,  1.        ]])],\n",
    "                        [np.array([[15.99999835,  0.        ,  5.5000021 ],\n",
    "                                [ 0.        , 15.99999845,  3.50000041],\n",
    "                                [ 0.        ,  0.        ,  1.        ]])],\n",
    "                        [np.array([[15.9999985 ,  0.        ,  5.50000137],\n",
    "                                [ 0.        , 15.99999862,  3.50000061],\n",
    "                                [ 0.        ,  0.        ,  1.        ]])],\n",
    "                        [np.array([[15.99999886,  0.        ,  5.50000016],\n",
    "                                [ 0.        , 15.99999893,  3.50000028],\n",
    "                                [ 0.        ,  0.        ,  1.        ]])],\n",
    "                        [np.array([[16.00000073,  0.        ,  5.50000062],\n",
    "                                [ 0.        , 16.00000086,  3.50000036],\n",
    "                                [ 0.        ,  0.        ,  1.        ]])]]      \n",
    "\n",
    "new_mtxL_list_4  =[[np.array([[15.9999926 ,  0.        ,  5.50000458],\n",
    "                        [ 0.        , 15.99998939,  3.49999691],\n",
    "                        [ 0.        ,  0.        ,  1.        ]])],\n",
    "                [np.array([[15.99999116,  0.        ,  5.49999779],\n",
    "                        [ 0.        , 15.99998835,  3.50000394],\n",
    "                        [ 0.        ,  0.        ,  1.        ]])],\n",
    "                [np.array([[15.99999963,  0.        ,  5.49999801],\n",
    "                        [ 0.        , 15.99999863,  3.50000275],\n",
    "                        [ 0.        ,  0.        ,  1.        ]])],\n",
    "                [np.array([[15.99999896,  0.        ,  5.50000075],\n",
    "                        [ 0.        , 15.99999947,  3.50000256],\n",
    "                        [ 0.        ,  0.        ,  1.        ]])],\n",
    "                [np.array([[16.00000125,  0.        ,  5.49999819],\n",
    "                        [ 0.        , 16.00000145,  3.5000017 ],\n",
    "                        [ 0.        ,  0.        ,  1.        ]])],\n",
    "                [np.array([[15.99999955,  0.        ,  5.49999881],\n",
    "                        [ 0.        , 15.99999959,  3.50000322],\n",
    "                        [ 0.        ,  0.        ,  1.        ]])]]\n",
    "\n",
    "new_mtxL_list_20 = [    [np.array([[16.00000619,  0.        ,  5.49999976],\n",
    "                                [ 0.        , 16.000002  ,  3.49999958],\n",
    "                                [ 0.        ,  0.        ,  1.        ]])],\n",
    "                        [np.array([[16.00035089,  0.        ,  5.49999973],\n",
    "                                [ 0.        , 16.00072146,  3.50000047],\n",
    "                                [ 0.        ,  0.        ,  1.        ]])],\n",
    "                        [np.array([[16.00028806,  0.        ,  5.49999999],\n",
    "                                [ 0.        , 16.00047089,  3.49999997],\n",
    "                                [ 0.        ,  0.        ,  1.        ]])],\n",
    "                        [np.array([[16.00023862,  0.        ,  5.5       ],\n",
    "                                [ 0.        , 16.00044164,  3.50000007],\n",
    "                                [ 0.        ,  0.        ,  1.        ]])],\n",
    "                        [np.array([[16.00017733,  0.        ,  5.5       ],\n",
    "                                [ 0.        , 16.00026232,  3.5       ],\n",
    "                                [ 0.        ,  0.        ,  1.        ]])],\n",
    "                        [np.array([[16.10560891,  0.        ,  5.00003218],\n",
    "                                [ 0.        , 16.10597099,  3.00010044],\n",
    "                                [ 0.        ,  0.        ,  1.        ]])]] \n",
    "      "
   ]
  },
  {
   "cell_type": "code",
   "execution_count": 12,
   "metadata": {},
   "outputs": [],
   "source": [
    "ret_L_list_2 = [[1.6746667163998718e-07],\n",
    "                [2.130688086546831e-07],\n",
    "                [2.1832196849933805e-07],\n",
    "                [2.1990103058054734e-07],\n",
    "                [2.146490815271026e-07],\n",
    "                [2.2048023842265042e-07]]\n",
    "\n",
    "ret_L_list_4 = [[7.062966782967327e-08],\n",
    "                [2.1489497187787481e-07],\n",
    "                [2.029041478456046e-07],\n",
    "                [1.997433401172271e-07],\n",
    "                [1.9784110146288143e-07],\n",
    "                [1.9912396867111865e-07]]\n",
    "\n",
    "ret_L_list_20 =[[1.5089260628585275e-08],\n",
    "                [2.3240538985123662e-07],\n",
    "                [1.9474361435634514e-07],\n",
    "                [2.112791985344878e-07],\n",
    "                [1.8668067185999755e-07],\n",
    "                [3.836453007338937e-05]]"
   ]
  },
  {
   "cell_type": "code",
   "execution_count": 13,
   "metadata": {},
   "outputs": [],
   "source": [
    "new_mtxR_list_2 = [ [np.array([[16.00000077,  0.        ,  5.49999925],\n",
    "                            [ 0.        , 16.0000016 ,  3.49999866],\n",
    "                            [ 0.        ,  0.        ,  1.        ]])],\n",
    "                    [np.array([[16.00000232,  0.        ,  5.5000005 ],\n",
    "                            [ 0.        , 16.00000291,  3.4999999 ],\n",
    "                            [ 0.        ,  0.        ,  1.        ]])],\n",
    "                    [np.array([[16.00000116,  0.        ,  5.50000061],\n",
    "                            [ 0.        , 16.0000014 ,  3.50000038],\n",
    "                            [ 0.        ,  0.        ,  1.        ]])],\n",
    "                    [np.array([[16.00000134,  0.        ,  5.50000107],\n",
    "                            [ 0.        , 16.00000134,  3.50000026],\n",
    "                            [ 0.        ,  0.        ,  1.        ]])],\n",
    "                    [np.array([[15.99999971,  0.        ,  5.50000024],\n",
    "                            [ 0.        , 15.99999988,  3.50000036],\n",
    "                            [ 0.        ,  0.        ,  1.        ]])],\n",
    "                    [np.array([[16.00000071,  0.        ,  5.50000013],\n",
    "                            [ 0.        , 16.00000085,  3.50000038],\n",
    "                            [ 0.        ,  0.        ,  1.        ]])]]\n",
    "\n",
    "new_mtxR_list_4 =  [[np.array([[16.00000263,  0.        ,  5.4999991 ],\n",
    "                            [ 0.        , 16.00000255,  3.49999996],\n",
    "                            [ 0.        ,  0.        ,  1.        ]])],\n",
    "                        [np.array([[16.00000448,  0.        ,  5.50000086],\n",
    "                            [ 0.        , 16.00000714,  3.50000393],\n",
    "                            [ 0.        ,  0.        ,  1.        ]])],\n",
    "                        [np.array([[16.00000362,  0.        ,  5.49999894],\n",
    "                            [ 0.        , 16.00000472,  3.50000274],\n",
    "                            [ 0.        ,  0.        ,  1.        ]])],\n",
    "                        [np.array([[16.00000242,  0.        ,  5.50000032],\n",
    "                            [ 0.        , 16.00000386,  3.50000254],\n",
    "                            [ 0.        ,  0.        ,  1.        ]])],\n",
    "                        [np.array([[15.9999998 ,  0.        ,  5.49999931],\n",
    "                            [ 0.        , 16.00000037,  3.5000017 ],\n",
    "                            [ 0.        ,  0.        ,  1.        ]])],\n",
    "                        [np.array([[15.9999982 ,  0.        ,  5.49999772],\n",
    "                            [ 0.        , 15.9999985 ,  3.50000321],\n",
    "                            [ 0.        ,  0.        ,  1.        ]])]]\n",
    "\n",
    "                        \n",
    "new_mtxR_list_20 =  [[np.array([[16.00000362,  0.        ,  5.49999814],\n",
    "                            [ 0.        , 15.99999878,  3.5000012 ],\n",
    "                            [ 0.        ,  0.        ,  1.        ]])],\n",
    "                        [np.array([[15.99995341,  0.        ,  5.50000024],\n",
    "                            [ 0.        , 15.99992842,  3.50000011],\n",
    "                            [ 0.        ,  0.        ,  1.        ]])],\n",
    "                        [np.array([[16.00002206,  0.        ,  5.49999983],\n",
    "                            [ 0.        , 15.99994787,  3.49999998],\n",
    "                            [ 0.        ,  0.        ,  1.        ]])],\n",
    "                        [np.array([[16.00007635,  0.        ,  5.49999992],\n",
    "                            [ 0.        , 16.00009632,  3.5       ],\n",
    "                            [ 0.        ,  0.        ,  1.        ]])],\n",
    "                        [np.array([[16.00006136,  0.        ,  5.4999999 ],\n",
    "                            [ 0.        , 15.99997711,  3.5       ],\n",
    "                            [ 0.        ,  0.        ,  1.        ]])],\n",
    "                        [np.array([[16.10563456,  0.        ,  5.00004061],\n",
    "                            [ 0.        , 16.1058713 ,  3.00010035],\n",
    "                            [ 0.        ,  0.        ,  1.        ]])]]                     "
   ]
  },
  {
   "cell_type": "code",
   "execution_count": 14,
   "metadata": {},
   "outputs": [],
   "source": [
    "ret_R_list_2 =  [[9.835100871039172e-08],\n",
    "                [1.300283881645069e-07],\n",
    "                [1.3163679364871214e-07],\n",
    "                [1.3239647009764755e-07],\n",
    "                [1.3069609374229215e-07],\n",
    "                [1.3169207371775606e-07]]\n",
    "                \n",
    "ret_R_list_4 =  [[3.79360778713432e-08],\n",
    "                [1.80175586527126e-07],\n",
    "                [1.6152687955533396e-07],\n",
    "                [1.548089584069534e-07],\n",
    "                [1.527661508761033e-07],\n",
    "                [1.4839058495292503e-07]]\n",
    "\n",
    "ret_R_list_20 = [[9.689562413106805e-09],\n",
    "                [2.0086709690605185e-07],\n",
    "                [1.7820083484904264e-07],\n",
    "                [1.7797944082658032e-07],\n",
    "                [1.8177581734052445e-07],\n",
    "                [3.851108128544404e-05]]"
   ]
  },
  {
   "cell_type": "code",
   "execution_count": 15,
   "metadata": {},
   "outputs": [],
   "source": [
    "Rot_list_2 = [  [np.array([[ 1.00000000e+00,  9.71644236e-09,  1.97144399e-08],\n",
    "                        [-9.71644275e-09,  1.00000000e+00,  2.18496625e-08],\n",
    "                        [-1.97144397e-08, -2.18496627e-08,  1.00000000e+00]])],\n",
    "                [np.array([[ 1.00000000e+00, -1.15684792e-10,  5.37363246e-08],\n",
    "                        [ 1.15684473e-10,  1.00000000e+00,  6.00595060e-09],\n",
    "                        [-5.37363246e-08, -6.00595059e-09,  1.00000000e+00]])],\n",
    "                [np.array([[ 1.00000000e+00, -1.55619302e-09,  8.09463339e-08],\n",
    "                        [ 1.55619285e-09,  1.00000000e+00,  1.97608225e-09],\n",
    "                        [-8.09463339e-08, -1.97608212e-09,  1.00000000e+00]])],\n",
    "                [np.array([[ 1.00000000e+00, -3.14232286e-09,  1.56358765e-08],\n",
    "                        [ 3.14232264e-09,  1.00000000e+00,  1.46237850e-08],\n",
    "                        [-1.56358765e-08, -1.46237850e-08,  1.00000000e+00]])],\n",
    "                [np.array([[ 1.00000000e+00, -1.67861957e-09, -1.07729659e-08],\n",
    "                        [ 1.67861951e-09,  1.00000000e+00, -3.63836757e-09],\n",
    "                        [ 1.07729659e-08,  3.63836754e-09,  1.00000000e+00]])],\n",
    "                [np.array([[ 1.00000000e+00, -1.26356639e-09,  2.68170035e-08],\n",
    "                        [ 1.26356642e-09,  1.00000000e+00, -1.51416874e-09],\n",
    "                        [-2.68170035e-08,  1.51416877e-09,  1.00000000e+00]])]]\n",
    "                        \n",
    "Rot_list_4 =  [ [np.array([[ 1.00000000e+00, -2.20456302e-08,  1.87929421e-07],\n",
    "                            [ 2.20456345e-08,  1.00000000e+00, -2.28545196e-08],\n",
    "                            [-1.87929421e-07,  2.28545237e-08,  1.00000000e+00]])],\n",
    "                    [np.array([[ 1.00000000e+00, -1.84879100e-08,  2.92618476e-09],\n",
    "                            [ 1.84879100e-08,  1.00000000e+00, -6.10024931e-09],\n",
    "                            [-2.92618463e-09,  6.10024937e-09,  1.00000000e+00]])],\n",
    "                    [np.array([[ 1.00000000e+00, -9.97472162e-09,  4.06654969e-08],\n",
    "                            [ 9.97472154e-09,  1.00000000e+00,  1.92009791e-09],\n",
    "                            [-4.06654970e-08, -1.92009750e-09,  1.00000000e+00]])],\n",
    "                    [np.array([[ 1.00000000e+00, -1.66202021e-08,  5.62683738e-08],\n",
    "                            [ 1.66202020e-08,  1.00000000e+00,  1.90165127e-09],\n",
    "                            [-5.62683738e-08, -1.90165030e-09,  1.00000000e+00]])],\n",
    "                    [np.array([[ 1.00000000e+00, -7.99759044e-09, -4.03945376e-08],\n",
    "                            [ 7.99759044e-09,  1.00000000e+00, -6.99117861e-11],\n",
    "                            [ 4.03945376e-08,  6.99114476e-11,  1.00000000e+00]])],\n",
    "                    [np.array([[ 1.00000000e+00, -1.78380469e-08,  3.52988928e-08],\n",
    "                            [ 1.78380469e-08,  1.00000000e+00, -7.56728851e-11],\n",
    "                            [-3.52988928e-08,  7.56735108e-11,  1.00000000e+00]])]]\n",
    "\n",
    "\n",
    "Rot_list_20 =   [[np.array([[ 1.00000000e+00, -9.55714845e-08, -9.80685890e-08],\n",
    "                        [ 9.55714722e-08,  1.00000000e+00, -1.25399459e-07],\n",
    "                        [ 9.80686010e-08,  1.25399450e-07,  1.00000000e+00]])],\n",
    "                [np.array([[ 1.00000000e+00,  1.23433187e-09,  1.49742411e-06],\n",
    "                        [-1.23433425e-09,  1.00000000e+00,  1.58885734e-09],\n",
    "                        [-1.49742411e-06, -1.58885919e-09,  1.00000000e+00]])],\n",
    "                [np.array([[ 1.00000000e+00, -7.78749335e-10,  1.16774585e-06],\n",
    "                        [ 7.78739692e-10,  1.00000000e+00,  8.25749508e-09],\n",
    "                        [-1.16774585e-06, -8.25749417e-09,  1.00000000e+00]])],\n",
    "                [np.array([[ 1.00000000e+00,  6.05568330e-11,  8.59591254e-07],\n",
    "                        [-6.04879627e-11,  1.00000000e+00, -8.01102459e-08],\n",
    "                        [-8.59591254e-07,  8.01102459e-08,  1.00000000e+00]])],\n",
    "                [np.array([[ 1.00000000e+00,  1.83184924e-10,  9.46890822e-07],\n",
    "                        [-1.83171297e-10,  1.00000000e+00, -1.43905239e-08],\n",
    "                        [-9.46890822e-07,  1.43905237e-08,  1.00000000e+00]])],\n",
    "                [np.array([[ 9.99999997e-01, -3.69817669e-05, -7.00680135e-05],\n",
    "                        [ 3.69885311e-05,  9.99999995e-01,  9.65397043e-05],\n",
    "                        [ 7.00644429e-05, -9.65422957e-05,  9.99999993e-01]])]]                  "
   ]
  },
  {
   "cell_type": "code",
   "execution_count": 16,
   "metadata": {},
   "outputs": [],
   "source": [
    "Trns_list_2 =  [[np.array([[-4.99999990e+02],\n",
    "                        [ 1.91380070e-05],\n",
    "                        [ 2.18018266e-04]])],\n",
    "                [np.array([[-5.00000049e+02],\n",
    "                        [ 9.93455789e-06],\n",
    "                        [ 6.38850347e-04]])],\n",
    "                [np.array([[-4.99999971e+02],\n",
    "                        [-6.16157652e-07],\n",
    "                        [ 4.01460686e-04]])],\n",
    "                [np.array([[-4.99999991e+02],\n",
    "                        [ 1.45696072e-05],\n",
    "                        [ 3.38234217e-04]])],\n",
    "                [np.array([[-4.99999988e+02],\n",
    "                        [-2.97629023e-06],\n",
    "                        [ 1.48820264e-04]])],\n",
    "                [np.array([[-4.99999992e+02],\n",
    "                        [-5.04571614e-07],\n",
    "                        [ 3.75787601e-06]])]]\n",
    "Trns_list_4 =[  [np.array([[-4.99999503e+02],\n",
    "                    [-6.56618269e-04],\n",
    "                    [ 2.73801032e-03]])],\n",
    "                [np.array([[-5.00000725e+02],\n",
    "                    [ 2.29568027e-05],\n",
    "                    [ 4.14452052e-03]])],\n",
    "                [np.array([[-5.00000352e+02],\n",
    "                    [-9.26855950e-06],\n",
    "                    [ 1.24401781e-03]])],\n",
    "                [np.array([[-5.00000109e+02],\n",
    "                    [-8.34326119e-06],\n",
    "                    [ 1.09783034e-03]])],\n",
    "                [np.array([[-5.00000120e+02],\n",
    "                    [-1.69319407e-06],\n",
    "                    [-2.70131375e-04]])],\n",
    "                [np.array([[-4.99999859e+02],\n",
    "                    [-7.15880600e-07],\n",
    "                    [-4.12819055e-04]])]]\n",
    "\n",
    "Trns_list_20 = [[np.array([[-4.99994091e+02],\n",
    "                        [ 2.09883226e-03],\n",
    "                        [-2.96614358e-02]])],\n",
    "                [np.array([[-5.00031520e+02],\n",
    "                        [ 4.21405392e-04],\n",
    "                        [-9.09248512e-01]])],\n",
    "                [np.array([[-5.00022583e+02],\n",
    "                        [-1.73558013e-04],\n",
    "                        [-5.43385345e-01]])],\n",
    "                [np.array([[-5.00017994e+02],\n",
    "                        [ 1.64567974e-03],\n",
    "                        [-3.52258895e-01]])],\n",
    "                [np.array([[-5.00017668e+02],\n",
    "                        [ 2.88693303e-04],\n",
    "                        [-2.77648741e-01]])],\n",
    "                [np.array([[-498.56922208],\n",
    "                        [  -1.93758016],\n",
    "                        [   1.79907167]])]]\n",
    "\n"
   ]
  },
  {
   "cell_type": "code",
   "execution_count": 17,
   "metadata": {},
   "outputs": [
    {
     "data": {
      "text/plain": [
       "6"
      ]
     },
     "execution_count": 17,
     "metadata": {},
     "output_type": "execute_result"
    }
   ],
   "source": [
    "P_L_2_list = []\n",
    "P_R_2_list = []\n",
    "\n",
    "for i in range(len(ret_R_list_2)):\n",
    "    R1,R2,P_L_est,P_R_est,Q,roi_left,roi_right = cv2.stereoRectify(new_mtxL_list_2[i][0], ret_L_list_2[i][0], new_mtxR_list_2[i][0], ret_R_list_2[i][0], (image_size[0],image_size[1]), Rot_list_2[i][0], Trns_list_2[i][0],flags = cv2.CALIB_ZERO_DISPARITY)\n",
    "    P_L_2_list.append(P_L_est)\n",
    "    P_R_2_list.append(P_R_est)\n",
    "len(P_R_2_list)"
   ]
  },
  {
   "cell_type": "code",
   "execution_count": 18,
   "metadata": {},
   "outputs": [],
   "source": [
    "P_L_4_list = []\n",
    "P_R_4_list = []\n",
    "\n",
    "for i in range(len(ret_R_list_4)):\n",
    "    R1,R2,P_L_est,P_R_est,Q,roi_left,roi_right = cv2.stereoRectify(new_mtxL_list_4[i][0], ret_L_list_4[i][0], new_mtxR_list_4[i][0], ret_R_list_4[i][0], (image_size[0],image_size[1]), Rot_list_4[i][0], Trns_list_4[i][0],flags = cv2.CALIB_ZERO_DISPARITY)\n",
    "    P_L_4_list.append(P_L_est)\n",
    "    P_R_4_list.append(P_R_est)"
   ]
  },
  {
   "cell_type": "code",
   "execution_count": 19,
   "metadata": {},
   "outputs": [],
   "source": [
    "P_L_20_list = []\n",
    "P_R_20_list = []\n",
    "\n",
    "for i in range(len(ret_R_list_20)):\n",
    "    R1,R2,P_L_est,P_R_est,Q,roi_left,roi_right = cv2.stereoRectify(new_mtxL_list_20[i][0], ret_L_list_20[i][0], new_mtxR_list_20[i][0], ret_R_list_20[i][0], (image_size[0],image_size[1]), Rot_list_20[i][0], Trns_list_20[i][0],flags = cv2.CALIB_ZERO_DISPARITY)\n",
    "    P_L_20_list.append(P_L_est)\n",
    "    P_R_20_list.append(P_R_est)"
   ]
  },
  {
   "cell_type": "code",
   "execution_count": null,
   "metadata": {},
   "outputs": [],
   "source": [
    "XestOpenCV = np.zeros((6,140,4,1))\n",
    "Xoriginal = np.zeros((6,140,4,1))\n",
    "\n",
    "X_est_arr = np.zeros((6,140,4,1))\n",
    "X_org_arr = np.zeros((6,140,4,1))\n",
    "\n",
    "estError_2 = np.zeros((6,140,1))\n",
    "triangulation_error_2 =np.zeros((6,1))\n",
    "\n",
    "\n",
    "for i in range(len(ret_R_list_2)):\n",
    "    for j in range(XestOpenCV.shape[1]):\n",
    "        XestOpenCV[i,j,:,:] = cv2.triangulatePoints(P_L_2_list[i],P_R_2_list[i], x_L_list[j], x_R_list[j])\n",
    "        Xoriginal[i,j,:,:] =  cv2.triangulatePoints(P_L_original[i],P_R_original[i],x_L_list[j], x_R_list[j])\n",
    "\n",
    "        X_est_arr[i,j,:,:] = XestOpenCV[i,j,:,:]/XestOpenCV[i,j,-1,:]\n",
    "        X_org_arr[i,j,:,:] = Xoriginal[i,j,:,:]/Xoriginal[i,j,-1,:]\n",
    "\n",
    "\n",
    "        estError_2[i,j,:] = np.sqrt(np.sum(np.square(X_est_arr[i,j,:3,:]-X_org_arr[i,j,:3,:])))\n",
    "\n",
    "    triangulation_error_2[i,:] = np.sum(estError_2[i,:,:])/estError_2[i,:,:].shape[0]"
   ]
  },
  {
   "cell_type": "code",
   "execution_count": null,
   "metadata": {},
   "outputs": [],
   "source": [
    "triangulation_error_2"
   ]
  },
  {
   "cell_type": "code",
   "execution_count": null,
   "metadata": {},
   "outputs": [],
   "source": [
    "XestOpenCV = np.zeros((6,140,4,1))\n",
    "Xoriginal = np.zeros((6,140,4,1))\n",
    "\n",
    "X_est_arr = np.zeros((6,140,4,1))\n",
    "X_org_arr = np.zeros((6,140,4,1))\n",
    "\n",
    "estError_4 = np.zeros((6,140,1))\n",
    "triangulation_error_4 =np.zeros((6,1))\n",
    "\n",
    "for i in range(len(ret_R_list_4)):\n",
    "    for j in range(XestOpenCV.shape[1]):\n",
    "        XestOpenCV[i,j,:,:] = cv2.triangulatePoints(P_L_4_list[i],P_R_4_list[i], x_L_list[j], x_R_list[j])\n",
    "        Xoriginal[i,j,:,:] =  cv2.triangulatePoints(P_L_original[i],P_R_original[i],x_L_list[j], x_R_list[j])\n",
    "\n",
    "        X_est_arr[i,j,:,:] = XestOpenCV[i,j,:,:]/XestOpenCV[i,j,-1,:]\n",
    "        X_org_arr[i,j,:,:] = Xoriginal[i,j,:,:]/Xoriginal[i,j,-1,:]\n",
    "\n",
    "\n",
    "        estError_4[i,j,:] = np.sqrt(np.sum(np.square(X_est_arr[i,j,:3,:]-X_org_arr[i,j,:3,:])))\n",
    "\n",
    "    triangulation_error_4[i,:] = np.sum(estError_4[i,:,:])/estError_4[i,:,:].shape[0]"
   ]
  },
  {
   "cell_type": "code",
   "execution_count": null,
   "metadata": {},
   "outputs": [],
   "source": [
    "triangulation_error_4"
   ]
  },
  {
   "cell_type": "code",
   "execution_count": null,
   "metadata": {},
   "outputs": [],
   "source": [
    "XestOpenCV = np.zeros((6,140,4,1))\n",
    "Xoriginal = np.zeros((6,140,4,1))\n",
    "\n",
    "X_est_arr = np.zeros((6,140,4,1))\n",
    "X_org_arr = np.zeros((6,140,4,1))\n",
    "\n",
    "estError_20 = np.zeros((6,140,1))\n",
    "triangulation_error_20 =np.zeros((6,1))\n",
    "\n",
    "for i in range(len(ret_R_list_4)):\n",
    "    for j in range(XestOpenCV.shape[1]):\n",
    "        XestOpenCV[i,j,:,:] = cv2.triangulatePoints(P_L_20_list[i],P_R_20_list[i], x_L_list[j], x_R_list[j])\n",
    "        Xoriginal[i,j,:,:] =  cv2.triangulatePoints(P_L_original[i],P_R_original[i],x_L_list[j], x_R_list[j])\n",
    "\n",
    "        X_est_arr[i,j,:,:] = XestOpenCV[i,j,:,:]/XestOpenCV[i,j,-1,:]\n",
    "        X_org_arr[i,j,:,:] = Xoriginal[i,j,:,:]/Xoriginal[i,j,-1,:]\n",
    "\n",
    "\n",
    "        estError_20[i,j,:] = np.sqrt(np.sum(np.square(X_est_arr[i,j,:3,:]-X_org_arr[i,j,:3,:])))\n",
    "    \n",
    "    triangulation_error_20[i,:] = np.sum(estError_20[i,:,:])/estError_20[i,:,:].shape[0]"
   ]
  },
  {
   "cell_type": "code",
   "execution_count": null,
   "metadata": {},
   "outputs": [],
   "source": [
    "triangulation_error_20"
   ]
  },
  {
   "cell_type": "markdown",
   "metadata": {},
   "source": [
    "# Plot the results"
   ]
  },
  {
   "cell_type": "code",
   "execution_count": null,
   "metadata": {},
   "outputs": [],
   "source": [
    "nr_chess = [20,80,180,320,500]\n",
    "\n",
    "fig = plt.figure(figsize = (20,20))\n",
    "ax = fig.add_subplot(321)\n",
    "ax.plot(nr_chess,ret_S_2[1:],'k-*',label = \"2 meters\")\n",
    "ax.set_yscale('log')\n",
    "ax.set_ylabel(\"Reprojection error (in mm)\")\n",
    "ax.set_xlabel(\"number of chessboards\")\n",
    "ax.set_title(\"Stereo camera calibration error\")\n",
    "ax.grid('--')\n",
    "ax.legend()\n",
    "\n",
    "ax1 = fig.add_subplot(322)\n",
    "ax1.set_ylabel(\"Triangulation error (in mm)\")\n",
    "ax1.set_xlabel(\"number of chessboards\")\n",
    "ax1.set_title(\"Stereo camera calibration error\")\n",
    "ax1.plot(nr_chess,triangulation_error_2[1:],'k-*',label = \"2 meters\")\n",
    "ax1.grid('--')\n",
    "ax1.legend()\n",
    "\n",
    "ax2 = fig.add_subplot(323)\n",
    "ax2.plot(nr_chess,ret_S_4[1:],'k-*',label = \"4 meters\")\n",
    "ax2.set_yscale('log')\n",
    "ax2.set_ylabel(\"Reprojection error (in mm)\")\n",
    "ax2.set_xlabel(\"number of chessboards\")\n",
    "ax2.set_title(\"Stereo camera calibration error\")\n",
    "ax2.grid('--')\n",
    "ax2.legend()\n",
    "\n",
    "ax3 = fig.add_subplot(324)\n",
    "ax3.set_ylabel(\"Triangulation error (in mm)\")\n",
    "ax3.set_xlabel(\"number of chessboards\")\n",
    "ax3.set_title(\"Stereo camera calibration error\")\n",
    "ax3.plot(nr_chess,triangulation_error_4[1:],'k-*',label = \"4 meters\")\n",
    "ax3.grid('--')\n",
    "ax3.legend()\n",
    "\n",
    "ax4 = fig.add_subplot(325)\n",
    "ax4.plot(nr_chess,ret_S_20[1:],'k-*',label = \"20 meters\")\n",
    "ax4.set_yscale('log')\n",
    "ax4.set_ylabel(\"Reprojection error (in mm)\")\n",
    "ax4.set_xlabel(\"number of chessboards\")\n",
    "ax4.set_title(\"Stereo camera calibration error\")\n",
    "ax4.grid('--')\n",
    "ax4.legend()\n",
    "\n",
    "ax5 = fig.add_subplot(326)\n",
    "ax5.set_ylabel(\"Triangulation error (in mm)\")\n",
    "ax5.set_xlabel(\"number of chessboards\")\n",
    "ax5.set_title(\"Stereo camera calibration error\")\n",
    "ax5.plot(nr_chess,triangulation_error_20[1:],'k-*',label = \"20 meters\")\n",
    "ax5.grid('--')\n",
    "ax5.legend()\n",
    "\n",
    "plt.show\n"
   ]
  },
  {
   "cell_type": "code",
   "execution_count": null,
   "metadata": {},
   "outputs": [],
   "source": [
    "nr_chess = [20,80,180,320,500]\n",
    "\n",
    "fig = plt.figure(figsize = (10,10))\n",
    "ax = fig.add_subplot(121)\n",
    "ax.plot(nr_chess,ret_S_2[1:],'g-*',label = \"2 meters\")\n",
    "ax.plot(nr_chess,ret_S_4[1:],'b-*',label = \"4 meters\")\n",
    "ax.plot(nr_chess,ret_S_20[1:],'k-*',label = \"20 meters\")\n",
    "ax.set_yscale('log')\n",
    "ax.set_ylabel(\"Reprojection error (in mm)\")\n",
    "ax.set_xlabel(\"number of chessboards\")\n",
    "ax.set_title(\"Stereo camera calibration error\")\n",
    "ax.grid('--')\n",
    "ax.legend()\n",
    "\n",
    "ax2 = fig.add_subplot(122)\n",
    "ax2.plot(nr_chess,triangulation_error_2[1:],'g-*',label = \"2 meters\")\n",
    "ax2.plot(nr_chess,triangulation_error_4[1:],'b-*',label = \"4 meters\")\n",
    "ax2.plot(nr_chess,triangulation_error_20[1:],'k-*',label = \"20 meters\")\n",
    "\n",
    "x_marker = np.ones((5,1))\n",
    "y_marker = np.linspace(10e-10,10e10,estError_2[1:].shape[0])\n",
    "ax2.plot(x_marker*nr_chess[0],y_marker,'r--')\n",
    "ax2.plot(x_marker*nr_chess[1],y_marker,'r--')\n",
    "ax2.plot(x_marker*nr_chess[2],y_marker,'r--')\n",
    "ax2.plot(x_marker*nr_chess[3],y_marker,'r--')\n",
    "ax2.plot(x_marker*nr_chess[4],y_marker,'r--')\n",
    "\n",
    "ax2.set_yscale('log')\n",
    "ax2.set_ylabel(\"Triangulation errror (in mm)\")\n",
    "ax2.set_title(\"Triangulation error\")\n",
    "ax2.set_xlabel(\"number of chessboards\")\n",
    "\n",
    "ax2.set_xlim([0,550])\n",
    "ax2.set_ylim([triangulation_error_2[-1]-5e-4,triangulation_error_20[-1]+2e6])\n",
    "\n",
    "ax2.legend()\n",
    "ax2.legend()\n",
    "ax2.grid('--')"
   ]
  },
  {
   "cell_type": "markdown",
   "metadata": {},
   "source": [
    "## Triangulation error vs. distance\n",
    "Correlate the triangulation error according to the distance of the spot.\n",
    "- Project the spot from 1:10:300 meters\n",
    "- having the ideal projection matrixes of the stereo cameras, retrieve the 2D coordinates\n",
    "- Having the 2D coordinates, triangulate the point using the projection matrixes obtained from calibration at 320 meters\n",
    "- Plot the results"
   ]
  },
  {
   "cell_type": "code",
   "execution_count": null,
   "metadata": {},
   "outputs": [],
   "source": [
    "# from 1 meter to 300 meters in steps of 10 meters\n",
    "zdistance = np.arange(0,310000,10000)\n",
    "zdistance[0] = 1000\n",
    "xdistance = np.ones((zdistance.shape[0],))*250\n",
    "ydistance = np.ones((zdistance.shape[0],))*10\n",
    "X =np.array([xdistance,ydistance,zdistance]).T\n",
    "\n",
    "x_arr_L, X_arr_L, E_L, K_L,P_L = get_image_points(X,PX,PY,thetax=THETA_X_L,thetay = THETA_Y_L,thetaz = THETA_Z_L,trans_x= -C_L[0],trans_y= -C_L[1],trans_z= -C_L[2],F = F)\n",
    "x_arr_R, X_arr_R, E_R, K_R,P_R = get_image_points(X,PX,PY,thetax = THETA_X_R,thetay = THETA_Y_R, thetaz = THETA_Z_R,trans_x= -C_R[0],trans_y= -C_R[1],trans_z= -C_R[2],F = F)"
   ]
  },
  {
   "cell_type": "code",
   "execution_count": null,
   "metadata": {},
   "outputs": [],
   "source": [
    "XestOpenCV2 = np.zeros((x_arr_R.shape[0],4,1))\n",
    "Xoriginal2 = np.zeros((x_arr_R.shape[0],4,1))\n",
    "\n",
    "X_est_arr2 = np.zeros((x_arr_R.shape[0],4,1))\n",
    "X_org_arr2 = np.zeros((x_arr_R.shape[0],4,1))\n",
    "\n",
    "estError_2_distance = np.zeros((x_arr_R.shape[0],1))\n",
