(array([[0.999074, -0.038887, -0.018397],
       [0.038952, 0.999236, 0.003211],
       [0.018259, -0.003925, 0.999826]]),
 array([[0.998428, -0.043079, 0.035846],
       [0.043207, 0.999062, -0.002795],
       [-0.035692, 0.004340, 0.999353]]),
 [[0.28823017482879043]],
 array([[2377.501003, 0.000000, 979.900833, 0.000000],
       [0.000000, 2377.501003, 602.957191, 0.000000],
       [0.000000, 0.000000, 1.000000, 0.000000]]),
 [[array([[2376.705483, 0.000000, 983.210638],
       [0.000000, 2378.537618, 596.594882],
       [0.000000, 0.000000, 1.000000]])]],
 [[0.21014405283117074]],
 [array([[-0.207521, -0.175310, -0.001325, 0.001204, 0.570232]])],
 array([[2377.501003, 0.000000, 979.900833, -1085488.426868],
       [0.000000, 2377.501003, 602.957191, 0.000000],
       [0.000000, 0.000000, 1.000000, 0.000000]]),
 [[array([[2373.195993, 0.000000, 1031.753132],
       [0.000000, 2376.464388, 606.737729],
       [0.000000, 0.000000, 1.000000]])]],
 [[0.21484470869914343]],
 [array([[-0.198739, -0.054512, 0.000385, -0.005236, 0.249352]])],
 [[array([[0.998535, 0.004488, -0.053915],
       [-0.004044, 0.999957, 0.008340],
       [0.053951, -0.008110, 0.998511]])]],
 [[array([[-455.849430],
       [19.668413],
       [-16.366070]])]])
