(array([[0.999873, -0.007725, -0.013905],
       [-0.013886, 0.002549, -0.999900],
       [0.007760, 0.999967, 0.002442]]),
 array([[0.999359, -0.012759, 0.033461],
       [0.033951, 0.040387, -0.998607],
       [0.011390, 0.999103, 0.040794]]),
 [[8.486834020206764]],
 array([[20459.406386, 0.000000, -106.541382, 0.000000],
       [0.000000, 20459.406386, -130814.033203, 0.000000],
       [0.000000, 0.000000, 1.000000, 0.000000]]),
 [[array([[37899.675710, 0.000000, 967.387052],
       [0.000000, 41852.604881, 604.914191],
       [0.000000, 0.000000, 1.000000]])]],
 [[0.29452632048643285]],
 [array([[-35.074071, 3.563645, -0.058611, 0.147187, 0.001173]])],
 array([[20459.406386, 0.000000, -106.541382, 0.000000],
       [0.000000, 20459.406386, -130814.033203, 796980839.816960],
       [0.000000, 0.000000, 1.000000, 0.000000]]),
 [[array([[3019.137062, 0.000000, 1128.977624],
       [0.000000, 3021.704734, 669.348158],
       [0.000000, 0.000000, 1.000000]])]],
 [[0.19410308227568435]],
 [array([[-0.262881, -0.407300, -0.003976, -0.011189, 1.406713]])],
 [[array([[0.998849, 0.003756, -0.047816],
       [-0.005566, 0.999271, -0.037766],
       [0.047640, 0.037988, 0.998142]])]],
 [[array([[1322.548419],
       [1573.234648],
       [-38899.992600]])]])
