(array([[0.993045, -0.003833, -0.117675],
       [0.004301, 0.999984, 0.003725],
       [0.117658, -0.004205, 0.993045]]),
 array([[0.997570, -0.008164, -0.069187],
       [0.007889, 0.999960, -0.004247],
       [0.069219, 0.003691, 0.997595]]),
 [[0.4105167613742868]],
 array([[2483.976781, 0.000000, 1256.823990, 0.000000],
       [0.000000, 2483.976781, 674.976692, 0.000000],
       [0.000000, 0.000000, 1.000000, 0.000000]]),
 [[array([[2463.147092, 0.000000, 970.139598],
       [0.000000, 2464.004876, 667.793432],
       [0.000000, 0.000000, 1.000000]])]],
 [[0.31649378441954334]],
 [array([[-0.238853, 0.052128, -0.002793, 0.001016, -0.197016]])],
 array([[2483.976781, 0.000000, 1256.823990, -1162795.145274],
       [0.000000, 2483.976781, 674.976692, 0.000000],
       [0.000000, 0.000000, 1.000000, 0.000000]]),
 [[array([[2501.173113, 0.000000, 1020.384921],
       [0.000000, 2503.948687, 691.646726],
       [0.000000, 0.000000, 1.000000]])]],
 [[0.31687015281209957]],
 [array([[-0.191674, -0.209945, -0.000806, -0.005809, 0.724925]])],
 [[array([[0.998810, 0.003774, -0.048621],
       [-0.003372, 0.999959, 0.008350],
       [0.048651, -0.008177, 0.998782]])]],
 [[array([[-466.980963],
       [3.821626],
       [32.387922]])]])
