(array([[0.024660, 0.001067, 0.999695],
       [-0.000314, 0.999999, -0.001060],
       [-0.999696, -0.000288, 0.024661]]),
 array([[0.077500, -0.001665, 0.996991],
       [0.000933, 0.999998, 0.001598],
       [-0.996992, 0.000807, 0.077501]]),
 [[0.382662606451037]],
 array([[17185.877555, 0.000000, 616865.544434, 0.000000],
       [0.000000, 17185.877555, -276.832336, 0.000000],
       [0.000000, 0.000000, 1.000000, 0.000000]]),
 [[array([[31250.689528, 0.000000, 967.123610],
       [0.000000, 31234.063474, 607.483197],
       [0.000000, 0.000000, 1.000000]])]],
 [[0.23073274823319842]],
 [array([[-22.562244, 1.034719, 0.055392, 0.172712, 0.000402]])],
 array([[17185.877555, 0.000000, 616865.544434, -535131257.270861],
       [0.000000, 17185.877555, -276.832336, 0.000000],
       [0.000000, 0.000000, 1.000000, 0.000000]]),
 [[array([[3132.015146, 0.000000, 1006.024240],
       [0.000000, 3137.691637, 693.205255],
       [0.000000, 0.000000, 1.000000]])]],
 [[0.16165764742407523]],
 [array([[-0.413426, -0.960522, -0.002748, -0.007267, 8.502516]])],
 [[array([[0.998600, 0.001303, 0.052889],
       [-0.001162, 0.999996, -0.002705],
       [-0.052892, 0.002639, 0.998597]])]],
 [[array([[-2413.173342],
       [51.852265],
       [-31044.154608]])]])
