(array([[0.899547, 0.061563, 0.432465],
       [-0.062607, 0.997968, -0.011839],
       [-0.432315, -0.016426, 0.901573]]),
 array([[0.870112, 0.058748, 0.489340],
       [-0.057557, 0.998189, -0.017495],
       [-0.489481, -0.012943, 0.871918]]),
 [[0.34489945945399014]],
 array([[2560.591962, 0.000000, -566.543306, 0.000000],
       [0.000000, 2560.591962, 657.843891, 0.000000],
       [0.000000, 0.000000, 1.000000, 0.000000]]),
 [[array([[2657.544407, 0.000000, 965.600541],
       [0.000000, 2659.763893, 569.635425],
       [0.000000, 0.000000, 1.000000]])]],
 [[0.21074152338105342]],
 [array([[-0.244742, -0.279099, -0.000600, 0.003276, 1.035743]])],
 array([[2560.591962, 0.000000, -566.543306, -1224380.822512],
       [0.000000, 2560.591962, 657.843891, 0.000000],
       [0.000000, 0.000000, 1.000000, 0.000000]]),
 [[array([[2458.959264, 0.000000, 1020.483825],
       [0.000000, 2461.420030, 638.751087],
       [0.000000, 0.000000, 1.000000]])]],
 [[0.1962097011813919]],
 [array([[-0.244564, 0.106192, -0.002415, -0.003974, -0.180072]])],
 [[array([[0.997920, 0.004167, -0.064329],
       [-0.004052, 0.999990, 0.001921],
       [0.064336, -0.001656, 0.997927]])]],
 [[array([[-416.055635],
       [-28.091157],
       [-233.984256]])]])
