(array([[0.992930, 0.000149, -0.118699],
       [0.000430, 0.999988, 0.004851],
       [0.118698, -0.004868, 0.992918]]),
 array([[0.997484, -0.003372, -0.070807],
       [0.003027, 0.999983, -0.004978],
       [0.070822, 0.004751, 0.997478]]),
 [[0.43520463175942964]],
 array([[2444.647026, 0.000000, 1217.094772, 0.000000],
       [0.000000, 2444.647026, 697.317440, 0.000000],
       [0.000000, 0.000000, 1.000000, 0.000000]]),
 [[array([[2421.915868, 0.000000, 929.199278],
       [0.000000, 2423.389094, 694.514517],
       [0.000000, 0.000000, 1.000000]])]],
 [[0.34285252670091937]],
 [array([[-0.200253, -0.054954, -0.000281, 0.001677, 0.140048]])],
 array([[2444.647026, 0.000000, 1217.094772, -1129194.394016],
       [0.000000, 2444.647026, 697.317440, 0.000000],
       [0.000000, 0.000000, 1.000000, 0.000000]]),
 [[array([[2463.303720, 0.000000, 970.222135],
       [0.000000, 2465.904958, 716.939593],
       [0.000000, 0.000000, 1.000000]])]],
 [[0.3410963878184307]],
 [array([[-0.193119, -0.097275, 0.000278, -0.003667, 0.372597]])],
 [[array([[0.998840, 0.002831, -0.048065],
       [-0.002354, 0.999948, 0.009969],
       [0.048090, -0.009844, 0.998794]])]],
 [[array([[-460.742892],
       [1.557517],
       [32.705979]])]])
