image_width: 1936
image_height: 1216
camera_name: camera_right
camera_matrix:
  rows: 3
  cols: 3
  data: [3019.137062, 0.000000, 1128.977624,0.000000, 3021.704734, 669.348158,0.000000, 0.000000, 1.000000]
distortion_model: plumb_bob
distortion_coefficients:
  rows: 1
  cols: 5
  data: [-0.262881, -0.407300, -0.003976, -0.011189, 1.406713]
rectification_matrix:
  rows: 3
  cols: 3
  data: [0.999359, -0.012759, 0.033461,0.033951, 0.040387, -0.998607,0.011390, 0.999103, 0.040794]
projection_matrix:
  rows: 3
  cols: 4
  data: [20459.406386, 0.000000, -106.541382, 0.000000,0.000000, 20459.406386, -130814.033203, 796980839.816960,0.000000, 0.000000, 1.000000, 0.000000]


