image_width: 1936
image_height: 1216
camera_name: camera_right
camera_matrix:
  rows: 3
  cols: 3
  data: [3132.015146, 0.000000, 1006.024240,0.000000, 3137.691637, 693.205255,0.000000, 0.000000, 1.000000]
distortion_model: plumb_bob
distortion_coefficients:
  rows: 1
  cols: 5
  data: [-0.413426, -0.960522, -0.002748, -0.007267, 8.502516]
rectification_matrix:
  rows: 3
  cols: 3
  data: [0.077500, -0.001665, 0.996991,0.000933, 0.999998, 0.001598,-0.996992, 0.000807, 0.077501]
projection_matrix:
  rows: 3
  cols: 4
  data: [17185.877555, 0.000000, 616865.544434, -535131257.270861,0.000000, 17185.877555, -276.832336, 0.000000,0.000000, 0.000000, 1.000000, 0.000000]

 
