(array([[0.982009, 0.027180, -0.186866],
       [-0.028585, 0.999580, -0.004830],
       [0.186657, 0.010085, 0.982373]]),
 array([[0.992522, 0.022980, -0.119885],
       [-0.022080, 0.999717, 0.008834],
       [0.120054, -0.006121, 0.992749]]),
 [[0.33533863107822903]],
 array([[2401.803048, 0.000000, 1356.020203, 0.000000],
       [0.000000, 2401.803048, 667.612625, 0.000000],
       [0.000000, 0.000000, 1.000000, 0.000000]]),
 [[array([[2377.283484, 0.000000, 899.953008],
       [0.000000, 2367.931216, 640.622319],
       [0.000000, 0.000000, 1.000000]])]],
 [[0.26277033422482515]],
 [array([[-0.125790, -0.311097, 0.001094, -0.000547, 0.627530]])],
 array([[2401.803048, 0.000000, 1356.020203, -1110530.733160],
       [0.000000, 2401.803048, 667.612625, 0.000000],
       [0.000000, 0.000000, 1.000000, 0.000000]]),
 [[array([[2435.038898, 0.000000, 942.247178],
       [0.000000, 2435.674880, 714.132299],
       [0.000000, 0.000000, 1.000000]])]],
 [[0.2583356218070538]],
 [array([[-0.342462, 0.899926, -0.003692, 0.004273, -2.588232]])],
 [[array([[0.997706, 0.006117, -0.067425],
       [-0.007153, 0.999860, -0.015136],
       [0.067323, 0.015583, 0.997610]])]],
 [[array([[-458.916068],
       [-10.625318],
       [55.431489]])]])
