(array([[0.998147, -0.008903, 0.060191],
       [0.010369, 0.999656, -0.024099],
       [-0.059956, 0.024678, 0.997896]]),
 array([[0.994207, -0.021182, 0.105372],
       [0.018601, 0.999504, 0.025418],
       [-0.105858, -0.023311, 0.994108]]),
 [[0.4353682960725999]],
 array([[2444.085465, 0.000000, 718.036835, 0.000000],
       [0.000000, 2444.085465, 671.594933, 0.000000],
       [0.000000, 0.000000, 1.000000, 0.000000]]),
 [[array([[2492.730191, 0.000000, 937.868012],
       [0.000000, 2453.419376, 607.329803],
       [0.000000, 0.000000, 1.000000]])]],
 [[0.3167756093700254]],
 [array([[-0.005974, -0.685945, 0.003560, -0.016888, 1.411178]])],
 array([[2444.085465, 0.000000, 718.036835, -1203952.360497],
       [0.000000, 2444.085465, 671.594933, 0.000000],
       [0.000000, 0.000000, 1.000000, 0.000000]]),
 [[array([[2432.871800, 0.000000, 959.041214],
       [0.000000, 2434.751553, 751.074855],
       [0.000000, 0.000000, 1.000000]])]],
 [[0.3000277156097531]],
 [array([[-0.433050, 1.641758, -0.005891, 0.007302, -4.933814]])],
 [[array([[0.998905, 0.007131, -0.046242],
       [-0.009381, 0.998773, -0.048623],
       [0.045838, 0.049004, 0.997746]])]],
 [[array([[-489.744803],
       [10.434341],
       [-51.906103]])]])
