(array([[0.717177, 0.017357, -0.696675],
       [-0.017917, 0.999819, 0.006466],
       [0.696661, 0.007845, 0.717358]]),
 array([[0.734921, 0.016360, -0.677955],
       [-0.015818, 0.999851, 0.006981],
       [0.677968, 0.005594, 0.735070]]),
 [[0.11495297071858447]],
 array([[2617.906098, 0.000000, 3973.222733, 0.000000],
       [0.000000, 2617.906098, 633.277199, 0.000000],
       [0.000000, 0.000000, 1.000000, 0.000000]]),
 [[array([[2471.269294, 0.000000, 909.453470],
       [0.000000, 2458.434752, 628.586125],
       [0.000000, 0.000000, 1.000000]])]],
 [[0.08575734649873147]],
 [array([[0.029445, -1.336353, 0.010336, -0.006271, 3.156415]])],
 array([[2617.906098, 0.000000, 3973.222733, -1730540.551843],
       [0.000000, 2617.906098, 633.277199, 0.000000],
       [0.000000, 0.000000, 1.000000, 0.000000]]),
 [[array([[2781.431909, 0.000000, 872.800124],
       [0.000000, 2777.377444, 666.324585],
       [0.000000, 0.000000, 1.000000]])]],
 [[0.10576985026351769]],
 [array([[-0.190486, -4.606815, 0.010893, 0.003372, 40.711518]])],
 [[array([[0.999666, 0.002260, -0.025758],
       [-0.002284, 0.999997, -0.000921],
       [0.025756, 0.000979, 0.999668]])]],
 [[array([[-485.812480],
       [-10.814819],
       [448.155227]])]])
