(array([[0.951936, 0.014992, -0.305929],
       [-0.015314, 0.999882, 0.001347],
       [0.305913, 0.003403, 0.952053]]),
 array([[0.968712, 0.009813, -0.247995],
       [-0.009553, 0.999952, 0.002252],
       [0.248005, 0.000187, 0.968759]]),
 [[0.2932726745717978]],
 array([[2345.037079, 0.000000, 1708.927853, 0.000000],
       [0.000000, 2345.037079, 631.084404, 0.000000],
       [0.000000, 0.000000, 1.000000, 0.000000]]),
 [[array([[2296.716257, 0.000000, 915.489948],
       [0.000000, 2296.994123, 619.468668],
       [0.000000, 0.000000, 1.000000]])]],
 [[0.22998670447853434]],
 [array([[-0.186918, -0.102288, -0.000403, 0.004992, 0.278789]])],
 array([[2345.037079, 0.000000, 1708.927853, -1046547.858771],
       [0.000000, 2345.037079, 631.084404, 0.000000],
       [0.000000, 0.000000, 1.000000, 0.000000]]),
 [[array([[2394.869886, 0.000000, 916.504805],
       [0.000000, 2393.080034, 654.922188],
       [0.000000, 0.000000, 1.000000]])]],
 [[0.22229355425784175]],
 [array([[-0.233143, -0.042918, -0.003076, -0.000371, 0.125978]])],
 [[array([[0.998166, 0.005815, -0.060255],
       [-0.005915, 0.999981, -0.001477],
       [0.060246, 0.001831, 0.998182]])]],
 [[array([[-432.318535],
       [-4.379498],
       [110.675815]])]])
