(array([[0.947434, 0.030485, -0.318495],
       [-0.030368, 0.999525, 0.005335],
       [0.318506, 0.004618, 0.947909]]),
 array([[0.965324, 0.024442, -0.259907],
       [-0.024538, 0.999695, 0.002879],
       [0.259898, 0.003599, 0.965629]]),
 [[0.3074331716408665]],
 array([[2359.934291, 0.000000, 1770.613770, 0.000000],
       [0.000000, 2359.934291, 638.620323, 0.000000],
       [0.000000, 0.000000, 1.000000, 0.000000]]),
 [[array([[2313.198140, 0.000000, 936.749683],
       [0.000000, 2312.726330, 634.529867],
       [0.000000, 0.000000, 1.000000]])]],
 [[0.21317684936216882]],
 [array([[-0.203833, -0.015138, -0.000611, 0.003513, 0.125926]])],
 array([[2359.934291, 0.000000, 1770.613770, -1017804.012734],
       [0.000000, 2359.934291, 638.620323, 0.000000],
       [0.000000, 0.000000, 1.000000, 0.000000]]),
 [[array([[2408.760172, 0.000000, 930.011570],
       [0.000000, 2407.142251, 668.685677],
       [0.000000, 0.000000, 1.000000]])]],
 [[0.20512449590031978]],
 [array([[-0.231933, 0.013613, -0.003471, -0.001744, -0.148767]])],
 [[array([[0.998106, 0.006102, -0.061222],
       [-0.006055, 0.999981, 0.000960],
       [0.061227, -0.000587, 0.998124]])]],
 [[array([[-416.329781],
       [-10.541641],
       [112.093923]])]])
