(array([[0.788182, 0.004857, 0.615423],
       [-0.003419, 0.999988, -0.003514],
       [-0.615433, 0.000666, 0.788189]]),
 array([[0.749323, -0.004022, 0.662193],
       [0.002457, 0.999992, 0.003293],
       [-0.662200, -0.000841, 0.749326]]),
 [[0.4381999154429301]],
 array([[2538.454139, 0.000000, -1772.300766, 0.000000],
       [0.000000, 2538.454139, 657.657951, 0.000000],
       [0.000000, 0.000000, 1.000000, 0.000000]]),
 [[array([[2660.339510, 0.000000, 917.221163],
       [0.000000, 2662.833935, 619.250302],
       [0.000000, 0.000000, 1.000000]])]],
 [[0.20820309169589335]],
 [array([[-0.230498, -0.137800, 0.000814, 0.005079, 0.569143]])],
 array([[2538.454139, 0.000000, -1772.300766, -1459846.268111],
       [0.000000, 2538.454139, 657.657951, 0.000000],
       [0.000000, 0.000000, 1.000000, 0.000000]]),
 [[array([[2414.717710, 0.000000, 940.417138],
       [0.000000, 2414.074344, 664.689731],
       [0.000000, 0.000000, 1.000000]])]],
 [[0.19110646351938845]],
 [array([[-0.229977, -0.018600, -0.003316, -0.001916, -0.056832]])],
 [[array([[0.998134, 0.005656, -0.060797],
       [-0.006071, 0.999959, -0.006651],
       [0.060757, 0.007008, 0.998128]])]],
 [[array([[-430.929996],
       [2.312992],
       [-380.822166]])]])
