(array([[0.998475, 0.006075, -0.054865],
       [-0.005831, 0.999972, 0.004607],
       [0.054891, -0.004280, 0.998483]]),
 array([[0.999993, 0.002288, 0.002857],
       [-0.002276, 0.999988, -0.004448],
       [-0.002867, 0.004442, 0.999986]]),
 [[0.4774205929812345]],
 array([[2634.473587, 0.000000, 1030.928284, 0.000000],
       [0.000000, 2634.473587, 619.507027, 0.000000],
       [0.000000, 0.000000, 1.000000, 0.000000]]),
 [[array([[2619.382584, 0.000000, 908.967047],
       [0.000000, 2622.730112, 606.658303],
       [0.000000, 0.000000, 1.000000]])]],
 [[0.44011645068186067]],
 [array([[-0.213369, -0.125104, -0.000794, 0.004235, 1.060589]])],
 array([[2634.473587, 0.000000, 1030.928284, -1268232.190754],
       [0.000000, 2634.473587, 619.507027, 0.000000],
       [0.000000, 0.000000, 1.000000, 0.000000]]),
 [[array([[2641.709842, 0.000000, 995.427222],
       [0.000000, 2646.217062, 635.580703],
       [0.000000, 0.000000, 1.000000]])]],
 [[0.47441006626612464]],
 [array([[-0.213809, -0.093213, -0.001981, -0.003240, 0.652553]])],
 [[array([[0.998325, 0.003811, -0.057737],
       [-0.003302, 0.999955, 0.008916],
       [0.057769, -0.008710, 0.998292]])]],
 [[array([[-481.395487],
       [-1.101631],
       [-1.375279]])]])
