(array([[0.999958, 0.006079, -0.006831],
       [-0.006054, 0.999975, 0.003696],
       [0.006853, -0.003654, 0.999970]]),
 array([[0.998937, 0.002300, 0.046030],
       [-0.002131, 0.999991, -0.003725],
       [-0.046038, 0.003623, 0.998933]]),
 [[0.5403807164757266]],
 array([[2585.345783, 0.000000, 913.713333, 0.000000],
       [0.000000, 2585.345783, 610.863419, 0.000000],
       [0.000000, 0.000000, 1.000000, 0.000000]]),
 [[array([[2585.978443, 0.000000, 942.514399],
       [0.000000, 2588.592868, 594.521434],
       [0.000000, 0.000000, 1.000000]])]],
 [[0.4872057983230428]],
 [array([[-0.204956, -0.045510, -0.000777, 0.002713, 0.749615]])],
 array([[2585.345783, 0.000000, 913.713333, -1219135.016288],
       [0.000000, 2585.345783, 610.863419, 0.000000],
       [0.000000, 0.000000, 1.000000, 0.000000]]),
 [[array([[2579.183470, 0.000000, 999.864075],
       [0.000000, 2582.098697, 627.927045],
       [0.000000, 0.000000, 1.000000]])]],
 [[0.5218551163958846]],
 [array([[-0.186313, -0.273310, -0.001900, -0.002167, 1.447638]])],
 [[array([[0.998593, 0.004110, -0.052868],
       [-0.003729, 0.999966, 0.007303],
       [0.052897, -0.007095, 0.998575]])]],
 [[array([[-471.054816],
       [-1.084550],
       [-21.705676]])]])
