(array([[0.999178, 0.009746, -0.039352],
       [-0.009601, 0.999946, 0.003871],
       [0.039388, -0.003490, 0.999218]]),
 array([[0.999772, 0.006297, 0.020391],
       [-0.006222, 0.999974, -0.003745],
       [-0.020414, 0.003617, 0.999785]]),
 [[0.39595311339867384]],
 array([[2602.495861, 0.000000, 978.564690, 0.000000],
       [0.000000, 2602.495861, 636.832527, 0.000000],
       [0.000000, 0.000000, 1.000000, 0.000000]]),
 [[array([[2590.965467, 0.000000, 907.098782],
       [0.000000, 2595.823358, 621.646273],
       [0.000000, 0.000000, 1.000000]])]],
 [[0.36123020670433137]],
 [array([[-0.227461, 0.002251, -0.000737, 0.005972, 0.619000]])],
 array([[2602.495861, 0.000000, 978.564690, -1238041.316147],
       [0.000000, 2602.495861, 636.832527, 0.000000],
       [0.000000, 0.000000, 1.000000, 0.000000]]),
 [[array([[2606.595357, 0.000000, 989.407340],
       [0.000000, 2609.168364, 657.813164],
       [0.000000, 0.000000, 1.000000]])]],
 [[0.3797317627153738]],
 [array([[-0.216722, -0.048905, -0.002275, -0.001745, 0.494181]])],
 [[array([[0.998206, 0.003594, -0.059765],
       [-0.003167, 0.999969, 0.007237],
       [0.059790, -0.007035, 0.998186]])]],
 [[array([[-475.604731],
       [-2.995716],
       [-9.700418]])]])
