(array([[0.847102, -0.008268, 0.531366],
       [0.010019, 0.999950, -0.000414],
       [-0.531335, 0.005675, 0.847143]]),
 array([[0.811894, -0.013338, 0.583653],
       [0.011395, 0.999911, 0.006999],
       [-0.583694, 0.000969, 0.811973]]),
 [[0.2637375195395553]],
 array([[2969.890859, 0.000000, -1381.931427, 0.000000],
       [0.000000, 2969.890859, 639.427078, 0.000000],
       [0.000000, 0.000000, 1.000000, 0.000000]]),
 [[array([[3177.394344, 0.000000, 868.514520],
       [0.000000, 3193.865542, 613.104839],
       [0.000000, 0.000000, 1.000000]])]],
 [[0.17196515935514858]],
 [array([[-0.318281, -0.674787, 0.002915, 0.017982, 4.780901]])],
 array([[2969.890859, 0.000000, -1381.931427, -1778320.891748],
       [0.000000, 2969.890859, 639.427078, 0.000000],
       [0.000000, 0.000000, 1.000000, 0.000000]]),
 [[array([[2740.523940, 0.000000, 1011.343989],
       [0.000000, 2745.916176, 673.805539],
       [0.000000, 0.000000, 1.000000]])]],
 [[0.2156546707277009]],
 [array([[-0.231456, -0.782546, -0.000618, -0.005423, 5.107347]])],
 [[array([[0.998009, 0.001370, -0.063064],
       [-0.001795, 0.999976, -0.006681],
       [0.063053, 0.006781, 0.997987]])]],
 [[array([[-486.148518],
       [7.986519],
       [-349.481345]])]])
