(array([[0.999774, 0.004562, -0.020765],
       [-0.004503, 0.999986, 0.002877],
       [0.020778, -0.002783, 0.999780]]),
 array([[0.999268, 0.002149, 0.038198],
       [-0.002041, 0.999994, -0.002870],
       [-0.038204, 0.002790, 0.999266]]),
 [[0.5208904811475614]],
 array([[2605.523315, 0.000000, 933.444923, 0.000000],
       [0.000000, 2605.523315, 653.353428, 0.000000],
       [0.000000, 0.000000, 1.000000, 0.000000]]),
 [[array([[2601.802800, 0.000000, 913.720774],
       [0.000000, 2603.661860, 640.282020],
       [0.000000, 0.000000, 1.000000]])]],
 [[0.47863845277104067]],
 [array([[-0.192996, -0.141287, 0.000025, 0.003697, 0.899397]])],
 array([[2605.523315, 0.000000, 933.444923, -1251959.556004],
       [0.000000, 2605.523315, 653.353428, 0.000000],
       [0.000000, 0.000000, 1.000000, 0.000000]]),
 [[array([[2605.435065, 0.000000, 1000.655553],
       [0.000000, 2607.384771, 677.607012],
       [0.000000, 0.000000, 1.000000]])]],
 [[0.5060286563587989]],
 [array([[-0.238410, 0.023826, -0.002952, -0.002207, 0.798739]])],
 [[array([[0.998257, 0.002625, -0.058951],
       [-0.002297, 0.999982, 0.005621],
       [0.058965, -0.005476, 0.998245]])]],
 [[array([[-480.150365],
       [-1.032461],
       [-18.354234]])]])
