(array([[0.999946, 0.007276, -0.007402],
       [-0.007249, 0.999967, 0.003621],
       [0.007428, -0.003567, 0.999966]]),
 array([[0.998951, 0.003379, 0.045672],
       [-0.003215, 0.999988, -0.003668],
       [-0.045684, 0.003518, 0.998950]]),
 [[0.5129051705850326]],
 array([[2574.987993, 0.000000, 917.186394, 0.000000],
       [0.000000, 2574.987993, 608.238632, 0.000000],
       [0.000000, 0.000000, 1.000000, 0.000000]]),
 [[array([[2574.733760, 0.000000, 946.084130],
       [0.000000, 2577.776040, 590.873339],
       [0.000000, 0.000000, 1.000000]])]],
 [[0.4672643081187851]],
 [array([[-0.203340, -0.066604, -0.000807, 0.002877, 0.815641]])],
 array([[2574.987993, 0.000000, 917.186394, -1209742.030405],
       [0.000000, 2574.987993, 608.238632, 0.000000],
       [0.000000, 0.000000, 1.000000, 0.000000]]),
 [[array([[2568.956315, 0.000000, 1000.924975],
       [0.000000, 2572.199945, 625.579566],
       [0.000000, 0.000000, 1.000000]])]],
 [[0.4851207604596431]],
 [array([[-0.189573, -0.289723, -0.002052, -0.002324, 1.542305]])],
 [[array([[0.998581, 0.004217, -0.053089],
       [-0.003844, 0.999967, 0.007113],
       [0.053117, -0.006899, 0.998564]])]],
 [[array([[-469.311981],
       [-1.587343],
       [-21.457134]])]])
