([array([[16. ,  0. ,  5.5,  0. ],
       [ 0. , 16. ,  3.5,  0. ],
       [ 0. ,  0. ,  1. ,  0. ]]),
  array([[16. ,  0. ,  5.5,  0. ],
       [ 0. , 16. ,  3.5,  0. ],
       [ 0. ,  0. ,  1. ,  0. ]]),
  array([[16. ,  0. ,  5.5,  0. ],
       [ 0. , 16. ,  3.5,  0. ],
       [ 0. ,  0. ,  1. ,  0. ]]),
  array([[16. ,  0. ,  5.5,  0. ],
       [ 0. , 16. ,  3.5,  0. ],
       [ 0. ,  0. ,  1. ,  0. ]]),
  array([[16. ,  0. ,  5.5,  0. ],
       [ 0. , 16. ,  3.5,  0. ],
       [ 0. ,  0. ,  1. ,  0. ]])],
 [array([[ 1.6e+01,  0.0e+00,  5.5e+00, -8.0e+03],
       [ 0.0e+00,  1.6e+01,  3.5e+00,  0.0e+00],
       [ 0.0e+00,  0.0e+00,  1.0e+00,  0.0e+00]]),
  array([[ 1.6e+01,  0.0e+00,  5.5e+00, -8.0e+03],
       [ 0.0e+00,  1.6e+01,  3.5e+00,  0.0e+00],
       [ 0.0e+00,  0.0e+00,  1.0e+00,  0.0e+00]]),
  array([[ 1.6e+01,  0.0e+00,  5.5e+00, -8.0e+03],
       [ 0.0e+00,  1.6e+01,  3.5e+00,  0.0e+00],
       [ 0.0e+00,  0.0e+00,  1.0e+00,  0.0e+00]]),
  array([[ 1.6e+01,  0.0e+00,  5.5e+00, -8.0e+03],
       [ 0.0e+00,  1.6e+01,  3.5e+00,  0.0e+00],
       [ 0.0e+00,  0.0e+00,  1.0e+00,  0.0e+00]]),
  array([[ 1.6e+01,  0.0e+00,  5.5e+00, -8.0e+03],
       [ 0.0e+00,  1.6e+01,  3.5e+00,  0.0e+00],
       [ 0.0e+00,  0.0e+00,  1.0e+00,  0.0e+00]])],
 [[8.44262944412354e-08],
  [3.563859500903383e-07],
  [2.1738734295529862e-07],
  [1.8903969283248788e-07],
  [1.8164798205542632e-07]],
 [[array([[15.9999926 ,  0.        ,  5.50000458],
       [ 0.        , 15.99998939,  3.49999691],
       [ 0.        ,  0.        ,  1.        ]])],
  [array([[15.99999116,  0.        ,  5.49999779],
       [ 0.        , 15.99998835,  3.50000394],
       [ 0.        ,  0.        ,  1.        ]])],
  [array([[15.99999963,  0.        ,  5.49999801],
       [ 0.        , 15.99999863,  3.50000275],
       [ 0.        ,  0.        ,  1.        ]])],
  [array([[15.99999896,  0.        ,  5.50000075],
       [ 0.        , 15.99999947,  3.50000256],
       [ 0.        ,  0.        ,  1.        ]])],
  [array([[16.00000125,  0.        ,  5.49999819],
       [ 0.        , 16.00000145,  3.5000017 ],
       [ 0.        ,  0.        ,  1.        ]])]],
 [[7.062966782967327e-08],
  [2.1489497187787481e-07],
  [2.029041478456046e-07],
  [1.997433401172271e-07],
  [1.9784110146288143e-07]],
 [[array([[16.00000263,  0.        ,  5.4999991 ],
       [ 0.        , 16.00000255,  3.49999996],
       [ 0.        ,  0.        ,  1.        ]])],
  [array([[16.00000448,  0.        ,  5.50000086],
       [ 0.        , 16.00000714,  3.50000393],
       [ 0.        ,  0.        ,  1.        ]])],
  [array([[16.00000362,  0.        ,  5.49999894],
       [ 0.        , 16.00000472,  3.50000274],
       [ 0.        ,  0.        ,  1.        ]])],
  [array([[16.00000242,  0.        ,  5.50000032],
       [ 0.        , 16.00000386,  3.50000254],
       [ 0.        ,  0.        ,  1.        ]])],
  [array([[15.9999998 ,  0.        ,  5.49999931],
       [ 0.        , 16.00000037,  3.5000017 ],
       [ 0.        ,  0.        ,  1.        ]])]],
 [[3.79360778713432e-08],
  [1.80175586527126e-07],
  [1.6152687955533396e-07],
  [1.548089584069534e-07],
  [1.527661508761033e-07]],
 [[array([[ 1.00000000e+00, -2.20456302e-08,  1.87929421e-07],
       [ 2.20456345e-08,  1.00000000e+00, -2.28545196e-08],
       [-1.87929421e-07,  2.28545237e-08,  1.00000000e+00]])],
  [array([[ 1.00000000e+00, -1.84879100e-08,  2.92618476e-09],
       [ 1.84879100e-08,  1.00000000e+00, -6.10024931e-09],
       [-2.92618463e-09,  6.10024937e-09,  1.00000000e+00]])],
  [array([[ 1.00000000e+00, -9.97472162e-09,  4.06654969e-08],
       [ 9.97472154e-09,  1.00000000e+00,  1.92009791e-09],
       [-4.06654970e-08, -1.92009750e-09,  1.00000000e+00]])],
  [array([[ 1.00000000e+00, -1.66202021e-08,  5.62683738e-08],
       [ 1.66202020e-08,  1.00000000e+00,  1.90165127e-09],
       [-5.62683738e-08, -1.90165030e-09,  1.00000000e+00]])],
  [array([[ 1.00000000e+00, -7.99759044e-09, -4.03945376e-08],
       [ 7.99759044e-09,  1.00000000e+00, -6.99117861e-11],
       [ 4.03945376e-08,  6.99114476e-11,  1.00000000e+00]])]],
 [[array([[-4.99999503e+02],
       [-6.56618269e-04],
       [ 2.73801032e-03]])],
  [array([[-5.00000725e+02],
       [ 2.29568027e-05],
       [ 4.14452052e-03]])],
  [array([[-5.00000352e+02],
       [-9.26855950e-06],
       [ 1.24401781e-03]])],
  [array([[-5.00000109e+02],
       [-8.34326119e-06],
       [ 1.09783034e-03]])],
  [array([[-5.00000120e+02],
       [-1.69319407e-06],
       [-2.70131375e-04]])]])
