([array([[2.73037543e+03, 0.00000000e+00, 9.68000000e+02, 0.00000000e+00],
       [0.00000000e+00, 2.73037543e+03, 6.08000000e+02, 0.00000000e+00],
       [0.00000000e+00, 0.00000000e+00, 1.00000000e+00, 0.00000000e+00]]),
  array([[2.73037543e+03, 0.00000000e+00, 9.68000000e+02, 0.00000000e+00],
       [0.00000000e+00, 2.73037543e+03, 6.08000000e+02, 0.00000000e+00],
       [0.00000000e+00, 0.00000000e+00, 1.00000000e+00, 0.00000000e+00]]),
  array([[2.73037543e+03, 0.00000000e+00, 9.68000000e+02, 0.00000000e+00],
       [0.00000000e+00, 2.73037543e+03, 6.08000000e+02, 0.00000000e+00],
       [0.00000000e+00, 0.00000000e+00, 1.00000000e+00, 0.00000000e+00]]),
  array([[2.73037543e+03, 0.00000000e+00, 9.68000000e+02, 0.00000000e+00],
       [0.00000000e+00, 2.73037543e+03, 6.08000000e+02, 0.00000000e+00],
       [0.00000000e+00, 0.00000000e+00, 1.00000000e+00, 0.00000000e+00]]),
  array([[2.73037543e+03, 0.00000000e+00, 9.68000000e+02, 0.00000000e+00],
       [0.00000000e+00, 2.73037543e+03, 6.08000000e+02, 0.00000000e+00],
       [0.00000000e+00, 0.00000000e+00, 1.00000000e+00, 0.00000000e+00]]),
  array([[2.73037543e+03, 0.00000000e+00, 9.68000000e+02, 0.00000000e+00],
       [0.00000000e+00, 2.73037543e+03, 6.08000000e+02, 0.00000000e+00],
       [0.00000000e+00, 0.00000000e+00, 1.00000000e+00, 0.00000000e+00]])],
 [array([[ 2.73037543e+03,  0.00000000e+00,  9.68000000e+02,
        -1.36518771e+06],
       [ 0.00000000e+00,  2.73037543e+03,  6.08000000e+02,
         0.00000000e+00],
       [ 0.00000000e+00,  0.00000000e+00,  1.00000000e+00,
         0.00000000e+00]]),
  array([[ 2.73037543e+03,  0.00000000e+00,  9.68000000e+02,
        -1.36518771e+06],
       [ 0.00000000e+00,  2.73037543e+03,  6.08000000e+02,
         0.00000000e+00],
       [ 0.00000000e+00,  0.00000000e+00,  1.00000000e+00,
         0.00000000e+00]]),
  array([[ 2.73037543e+03,  0.00000000e+00,  9.68000000e+02,
        -1.36518771e+06],
       [ 0.00000000e+00,  2.73037543e+03,  6.08000000e+02,
         0.00000000e+00],
       [ 0.00000000e+00,  0.00000000e+00,  1.00000000e+00,
         0.00000000e+00]]),
  array([[ 2.73037543e+03,  0.00000000e+00,  9.68000000e+02,
        -1.36518771e+06],
       [ 0.00000000e+00,  2.73037543e+03,  6.08000000e+02,
         0.00000000e+00],
       [ 0.00000000e+00,  0.00000000e+00,  1.00000000e+00,
         0.00000000e+00]]),
  array([[ 2.73037543e+03,  0.00000000e+00,  9.68000000e+02,
        -1.36518771e+06],
       [ 0.00000000e+00,  2.73037543e+03,  6.08000000e+02,
         0.00000000e+00],
       [ 0.00000000e+00,  0.00000000e+00,  1.00000000e+00,
         0.00000000e+00]]),
  array([[ 2.73037543e+03,  0.00000000e+00,  9.68000000e+02,
        -1.36518771e+06],
       [ 0.00000000e+00,  2.73037543e+03,  6.08000000e+02,
         0.00000000e+00],
       [ 0.00000000e+00,  0.00000000e+00,  1.00000000e+00,
         0.00000000e+00]])],
 [[1.3522134098770801e-05],
  [3.795757811079463e-05],
  [3.248984789037354e-05],
  [3.2103482895988313e-05],
  [3.0276338782029712e-05],
  [3.1959541350261666e-05]],
 [[array([[2.73037624e+03, 0.00000000e+00, 9.68001027e+02],
       [0.00000000e+00, 2.73037578e+03, 6.07999707e+02],
       [0.00000000e+00, 0.00000000e+00, 1.00000000e+00]])],
  [array([[2.73037337e+03, 0.00000000e+00, 9.68000608e+02],
       [0.00000000e+00, 2.73037320e+03, 6.08000451e+02],
       [0.00000000e+00, 0.00000000e+00, 1.00000000e+00]])],
  [array([[2.73037419e+03, 0.00000000e+00, 9.68000157e+02],
       [0.00000000e+00, 2.73037459e+03, 6.08000300e+02],
       [0.00000000e+00, 0.00000000e+00, 1.00000000e+00]])],
  [array([[2.73037459e+03, 0.00000000e+00, 9.68000904e+02],
       [0.00000000e+00, 2.73037445e+03, 6.07999979e+02],
       [0.00000000e+00, 0.00000000e+00, 1.00000000e+00]])],
  [array([[2.73037349e+03, 0.00000000e+00, 9.68000136e+02],
       [0.00000000e+00, 2.73037357e+03, 6.07999994e+02],
       [0.00000000e+00, 0.00000000e+00, 1.00000000e+00]])],
  [array([[2.73037469e+03, 0.00000000e+00, 9.68000703e+02],
       [0.00000000e+00, 2.73037495e+03, 6.08000149e+02],
       [0.00000000e+00, 0.00000000e+00, 1.00000000e+00]])]],
 [[1.508883019861691e-05],
  [3.2268807239625266e-05],
  [3.156177774916814e-05],
  [3.0341850410453394e-05],
  [3.066852996295611e-05],
  [3.159517775184828e-05]],
 [[array([[2.73037588e+03, 0.00000000e+00, 9.68000103e+02],
       [0.00000000e+00, 2.73037558e+03, 6.08000145e+02],
       [0.00000000e+00, 0.00000000e+00, 1.00000000e+00]])],
  [array([[2.73037143e+03, 0.00000000e+00, 9.67998656e+02],
       [0.00000000e+00, 2.73037157e+03, 6.08000437e+02],
       [0.00000000e+00, 0.00000000e+00, 1.00000000e+00]])],
  [array([[2.73037315e+03, 0.00000000e+00, 9.67999247e+02],
       [0.00000000e+00, 2.73037329e+03, 6.08000302e+02],
       [0.00000000e+00, 0.00000000e+00, 1.00000000e+00]])],
  [array([[2.73037484e+03, 0.00000000e+00, 9.67999309e+02],
       [0.00000000e+00, 2.73037490e+03, 6.07999979e+02],
       [0.00000000e+00, 0.00000000e+00, 1.00000000e+00]])],
  [array([[2.73037351e+03, 0.00000000e+00, 9.67999620e+02],
       [0.00000000e+00, 2.73037361e+03, 6.07999992e+02],
       [0.00000000e+00, 0.00000000e+00, 1.00000000e+00]])],
  [array([[2.73037465e+03, 0.00000000e+00, 9.67999535e+02],
       [0.00000000e+00, 2.73037469e+03, 6.08000147e+02],
       [0.00000000e+00, 0.00000000e+00, 1.00000000e+00]])]],
 [[7.136701242614659e-06],
  [2.9541424638634528e-05],
  [2.752197415116668e-05],
  [2.6679881444851248e-05],
  [2.636152118810909e-05],
  [2.7208976609424594e-05]],
 [[array([[ 1.00000000e+00, -5.11532324e-08,  1.78495223e-07],
       [ 5.11532498e-08,  1.00000000e+00, -9.76686250e-08],
       [-1.78495218e-07,  9.76686342e-08,  1.00000000e+00]])],
  [array([[ 1.00000000e+00, -1.94833244e-08,  2.09163292e-07],
       [ 1.94833229e-08,  1.00000000e+00,  7.16748284e-09],
       [-2.09163292e-07, -7.16747877e-09,  1.00000000e+00]])],
  [array([[ 1.00000000e+00, -7.43322522e-09,  1.26899915e-07],
       [ 7.43322578e-09,  1.00000000e+00, -4.40048789e-09],
       [-1.26899915e-07,  4.40048883e-09,  1.00000000e+00]])],
  [array([[ 1.00000000e+00, -1.52485543e-08,  3.20232674e-07],
       [ 1.52485527e-08,  1.00000000e+00,  5.17086742e-09],
       [-3.20232674e-07, -5.17086254e-09,  1.00000000e+00]])],
  [array([[ 1.00000000e+00, -1.80590614e-09,  8.44481313e-08],
       [ 1.80590618e-09,  1.00000000e+00, -5.29135184e-10],
       [-8.44481313e-08,  5.29135336e-10,  1.00000000e+00]])],
  [array([[ 1.00000000e+00, -8.83760729e-09,  1.93979868e-07],
       [ 8.83760700e-09,  1.00000000e+00,  1.46897154e-09],
       [-1.93979868e-07, -1.46896983e-09,  1.00000000e+00]])]],
 [[array([[-4.99999388e+02],
       [-2.42333518e-04],
       [-2.13403577e-04]])],
  [array([[-4.99997982e+02],
       [-1.32044724e-05],
       [-2.17576224e-03]])],
  [array([[-4.99999207e+02],
       [ 1.05416911e-05],
       [-1.76016915e-03]])],
  [array([[-4.99998930e+02],
       [-2.50984043e-05],
       [ 7.43205631e-04]])],
  [array([[-4.99999575e+02],
       [ 4.04441305e-06],
       [ 3.31081748e-05]])],
  [array([[-4.99999098e+02],
       [-7.32782146e-06],
       [-2.54161604e-04]])]])
