([array([[2.73037543e+03, 0.00000000e+00, 9.68000000e+02, 0.00000000e+00],
       [0.00000000e+00, 2.73037543e+03, 6.08000000e+02, 0.00000000e+00],
       [0.00000000e+00, 0.00000000e+00, 1.00000000e+00, 0.00000000e+00]]),
  array([[2.73037543e+03, 0.00000000e+00, 9.68000000e+02, 0.00000000e+00],
       [0.00000000e+00, 2.73037543e+03, 6.08000000e+02, 0.00000000e+00],
       [0.00000000e+00, 0.00000000e+00, 1.00000000e+00, 0.00000000e+00]]),
  array([[2.73037543e+03, 0.00000000e+00, 9.68000000e+02, 0.00000000e+00],
       [0.00000000e+00, 2.73037543e+03, 6.08000000e+02, 0.00000000e+00],
       [0.00000000e+00, 0.00000000e+00, 1.00000000e+00, 0.00000000e+00]]),
  array([[2.73037543e+03, 0.00000000e+00, 9.68000000e+02, 0.00000000e+00],
       [0.00000000e+00, 2.73037543e+03, 6.08000000e+02, 0.00000000e+00],
       [0.00000000e+00, 0.00000000e+00, 1.00000000e+00, 0.00000000e+00]]),
  array([[2.73037543e+03, 0.00000000e+00, 9.68000000e+02, 0.00000000e+00],
       [0.00000000e+00, 2.73037543e+03, 6.08000000e+02, 0.00000000e+00],
       [0.00000000e+00, 0.00000000e+00, 1.00000000e+00, 0.00000000e+00]]),
  array([[2.73037543e+03, 0.00000000e+00, 9.68000000e+02, 0.00000000e+00],
       [0.00000000e+00, 2.73037543e+03, 6.08000000e+02, 0.00000000e+00],
       [0.00000000e+00, 0.00000000e+00, 1.00000000e+00, 0.00000000e+00]])],
 [array([[ 2.73037543e+03,  0.00000000e+00,  9.68000000e+02,
        -1.36518771e+06],
       [ 0.00000000e+00,  2.73037543e+03,  6.08000000e+02,
         0.00000000e+00],
       [ 0.00000000e+00,  0.00000000e+00,  1.00000000e+00,
         0.00000000e+00]]),
  array([[ 2.73037543e+03,  0.00000000e+00,  9.68000000e+02,
        -1.36518771e+06],
       [ 0.00000000e+00,  2.73037543e+03,  6.08000000e+02,
         0.00000000e+00],
       [ 0.00000000e+00,  0.00000000e+00,  1.00000000e+00,
         0.00000000e+00]]),
  array([[ 2.73037543e+03,  0.00000000e+00,  9.68000000e+02,
        -1.36518771e+06],
       [ 0.00000000e+00,  2.73037543e+03,  6.08000000e+02,
         0.00000000e+00],
       [ 0.00000000e+00,  0.00000000e+00,  1.00000000e+00,
         0.00000000e+00]]),
  array([[ 2.73037543e+03,  0.00000000e+00,  9.68000000e+02,
        -1.36518771e+06],
       [ 0.00000000e+00,  2.73037543e+03,  6.08000000e+02,
         0.00000000e+00],
       [ 0.00000000e+00,  0.00000000e+00,  1.00000000e+00,
         0.00000000e+00]]),
  array([[ 2.73037543e+03,  0.00000000e+00,  9.68000000e+02,
        -1.36518771e+06],
       [ 0.00000000e+00,  2.73037543e+03,  6.08000000e+02,
         0.00000000e+00],
       [ 0.00000000e+00,  0.00000000e+00,  1.00000000e+00,
         0.00000000e+00]]),
  array([[ 2.73037543e+03,  0.00000000e+00,  9.68000000e+02,
        -1.36518771e+06],
       [ 0.00000000e+00,  2.73037543e+03,  6.08000000e+02,
         0.00000000e+00],
       [ 0.00000000e+00,  0.00000000e+00,  1.00000000e+00,
         0.00000000e+00]])],
 [[0.00020328300023273786],
  [0.0006808713896280401],
  [0.00044896780785053705],
  [0.0007246078157946923],
  [0.0006292529140385767],
  [0.0013657968901109967]],
 [[array([[2.73045408e+03, 0.00000000e+00, 9.67495499e+02],
       [0.00000000e+00, 2.73039899e+03, 6.07498630e+02],
       [0.00000000e+00, 0.00000000e+00, 1.00000000e+00]])],
  [array([[2.73043619e+03, 0.00000000e+00, 9.67500381e+02],
       [0.00000000e+00, 2.73039531e+03, 6.07500822e+02],
       [0.00000000e+00, 0.00000000e+00, 1.00000000e+00]])],
  [array([[2.73040905e+03, 0.00000000e+00, 9.67500377e+02],
       [0.00000000e+00, 2.73039652e+03, 6.07500894e+02],
       [0.00000000e+00, 0.00000000e+00, 1.00000000e+00]])],
  [array([[2.73039273e+03, 0.00000000e+00, 9.67500360e+02],
       [0.00000000e+00, 2.73039194e+03, 6.07500807e+02],
       [0.00000000e+00, 0.00000000e+00, 1.00000000e+00]])],
  [array([[2.73035666e+03, 0.00000000e+00, 9.67500043e+02],
       [0.00000000e+00, 2.73033928e+03, 6.07500106e+02],
       [0.00000000e+00, 0.00000000e+00, 1.00000000e+00]])],
  [array([[2.73043180e+03, 0.00000000e+00, 9.67500042e+02],
       [0.00000000e+00, 2.73045958e+03, 6.07500106e+02],
       [0.00000000e+00, 0.00000000e+00, 1.00000000e+00]])]],
 [[1.951715758186558e-05],
  [5.0506247767732486e-05],
  [4.850253058323187e-05],
  [4.842235206036866e-05],
  [4.906815544649833e-05],
  [4.993255460070679e-05]],
 [[array([[2.73037846e+03, 0.00000000e+00, 9.67490267e+02],
       [0.00000000e+00, 2.73030330e+03, 6.07494101e+02],
       [0.00000000e+00, 0.00000000e+00, 1.00000000e+00]])],
  [array([[2.73035063e+03, 0.00000000e+00, 9.67500980e+02],
       [0.00000000e+00, 2.73030938e+03, 6.07501476e+02],
       [0.00000000e+00, 0.00000000e+00, 1.00000000e+00]])],
  [array([[2.73040400e+03, 0.00000000e+00, 9.67500369e+02],
       [0.00000000e+00, 2.73039576e+03, 6.07500898e+02],
       [0.00000000e+00, 0.00000000e+00, 1.00000000e+00]])],
  [array([[2.73038418e+03, 0.00000000e+00, 9.67500308e+02],
       [0.00000000e+00, 2.73037306e+03, 6.07500810e+02],
       [0.00000000e+00, 0.00000000e+00, 1.00000000e+00]])],
  [array([[2.73035103e+03, 0.00000000e+00, 9.67499998e+02],
       [0.00000000e+00, 2.73032557e+03, 6.07500106e+02],
       [0.00000000e+00, 0.00000000e+00, 1.00000000e+00]])],
  [array([[2.73037361e+03, 0.00000000e+00, 9.67500036e+02],
       [0.00000000e+00, 2.73037199e+03, 6.07500107e+02],
       [0.00000000e+00, 0.00000000e+00, 1.00000000e+00]])]],
 [[2.069786902101289e-05],
  [4.872879040616821e-05],
  [4.8406372289415256e-05],
  [4.809540654739138e-05],
  [4.856272560437462e-05],
  [4.8184971577387985e-05]],
 [[array([[ 1.00000000e+00,  2.87769797e-06, -1.03314845e-06],
       [-2.87769922e-06,  1.00000000e+00, -1.21045109e-06],
       [ 1.03314497e-06,  1.21045407e-06,  1.00000000e+00]])],
  [array([[ 1.00000000e+00, -1.95866087e-07,  3.90518195e-07],
       [ 1.95865978e-07,  1.00000000e+00,  2.79210324e-07],
       [-3.90518250e-07, -2.79210247e-07,  1.00000000e+00]])],
  [array([[ 1.00000000e+00, -9.50822799e-08, -3.57058168e-07],
       [ 9.50823413e-08,  1.00000000e+00,  1.71718205e-07],
       [ 3.57058151e-07, -1.71718239e-07,  1.00000000e+00]])],
  [array([[ 1.00000000e+00, -2.14832060e-07,  1.31639743e-07],
       [ 2.14832024e-07,  1.00000000e+00,  2.77361702e-07],
       [-1.31639802e-07, -2.77361674e-07,  1.00000000e+00]])],
  [array([[ 1.00000000e+00, -2.08877550e-07,  2.37195725e-07],
       [ 2.08877481e-07,  1.00000000e+00,  2.92422473e-07],
       [-2.37195786e-07, -2.92422424e-07,  1.00000000e+00]])],
  [array([[ 1.00000000e+00, -2.05831414e-07,  1.63926040e-06],
       [ 2.05831318e-07,  1.00000000e+00,  5.82863793e-08],
       [-1.63926041e-06, -5.82860419e-08,  1.00000000e+00]])]],
 [[array([[-4.99892343e+02],
       [ 4.97846893e-02],
       [ 5.79129624e-02]])],
  [array([[-5.00006514e+02],
       [-1.07589861e-02],
       [-1.35388780e-01]])],
  [array([[-4.99991800e+02],
       [-3.59526219e-03],
       [ 9.92041142e-03]])],
  [array([[-5.00001278e+02],
       [-5.68381032e-03],
       [-1.02292016e-01]])],
  [array([[-5.00001959e+02],
       [-5.95747518e-03],
       [-6.26870936e-02]])],
  [array([[-5.00033235e+02],
       [-1.18350729e-03],
       [-5.43134722e-01]])]])
