([array([[16. ,  0. ,  5.5,  0. ],
       [ 0. , 16. ,  3.5,  0. ],
       [ 0. ,  0. ,  1. ,  0. ]]),
  array([[16. ,  0. ,  5.5,  0. ],
       [ 0. , 16. ,  3.5,  0. ],
       [ 0. ,  0. ,  1. ,  0. ]]),
  array([[16. ,  0. ,  5.5,  0. ],
       [ 0. , 16. ,  3.5,  0. ],
       [ 0. ,  0. ,  1. ,  0. ]]),
  array([[16. ,  0. ,  5.5,  0. ],
       [ 0. , 16. ,  3.5,  0. ],
       [ 0. ,  0. ,  1. ,  0. ]]),
  array([[16. ,  0. ,  5.5,  0. ],
       [ 0. , 16. ,  3.5,  0. ],
       [ 0. ,  0. ,  1. ,  0. ]]),  
  array([[16. ,  0. ,  5.5,  0. ],
       [ 0. , 16. ,  3.5,  0. ],
       [ 0. ,  0. ,  1. ,  0. ]])],
 [array([[ 1.6e+01,  0.0e+00,  5.5e+00, -8.0e+03],
       [ 0.0e+00,  1.6e+01,  3.5e+00,  0.0e+00],
       [ 0.0e+00,  0.0e+00,  1.0e+00,  0.0e+00]]),
  array([[ 1.6e+01,  0.0e+00,  5.5e+00, -8.0e+03],
       [ 0.0e+00,  1.6e+01,  3.5e+00,  0.0e+00],
       [ 0.0e+00,  0.0e+00,  1.0e+00,  0.0e+00]]),
  array([[ 1.6e+01,  0.0e+00,  5.5e+00, -8.0e+03],
       [ 0.0e+00,  1.6e+01,  3.5e+00,  0.0e+00],
       [ 0.0e+00,  0.0e+00,  1.0e+00,  0.0e+00]]),
  array([[ 1.6e+01,  0.0e+00,  5.5e+00, -8.0e+03],
       [ 0.0e+00,  1.6e+01,  3.5e+00,  0.0e+00],
       [ 0.0e+00,  0.0e+00,  1.0e+00,  0.0e+00]]),
  array([[ 1.6e+01,  0.0e+00,  5.5e+00, -8.0e+03],
       [ 0.0e+00,  1.6e+01,  3.5e+00,  0.0e+00],
       [ 0.0e+00,  0.0e+00,  1.0e+00,  0.0e+00]]),
  array([[ 1.6e+01,  0.0e+00,  5.5e+00, -8.0e+03],
       [ 0.0e+00,  1.6e+01,  3.5e+00,  0.0e+00],
       [ 0.0e+00,  0.0e+00,  1.0e+00,  0.0e+00]])],
 [[7.497268337023058e-08],
  [2.4358135232104675e-05],
  [1.1742960474496549e-05],
  [7.662129703665435e-06],
  [6.825492268720075e-06],
  [0.0004217531040207744]],
 [[array([[16.00000619,  0.        ,  5.49999976],
       [ 0.        , 16.000002  ,  3.49999958],
       [ 0.        ,  0.        ,  1.        ]])],
  [array([[16.00035089,  0.        ,  5.49999973],
       [ 0.        , 16.00072146,  3.50000047],
       [ 0.        ,  0.        ,  1.        ]])],
  [array([[16.00028806,  0.        ,  5.49999999],
       [ 0.        , 16.00047089,  3.49999997],
       [ 0.        ,  0.        ,  1.        ]])],
  [array([[16.00023862,  0.        ,  5.5       ],
       [ 0.        , 16.00044164,  3.50000007],
       [ 0.        ,  0.        ,  1.        ]])],
  [array([[16.00017733,  0.        ,  5.5       ],
       [ 0.        , 16.00026232,  3.5       ],
       [ 0.        ,  0.        ,  1.        ]])],
  [array([[16.10560891,  0.        ,  5.00003218],
       [ 0.        , 16.10597099,  3.00010044],
       [ 0.        ,  0.        ,  1.        ]])]],
 [[1.5089260628585275e-08],
  [2.3240538985123662e-07],
  [1.9474361435634514e-07],
  [2.112791985344878e-07],
  [1.8668067185999755e-07],
  [3.836453007338937e-05]],
 [[array([[16.00000362,  0.        ,  5.49999814],
       [ 0.        , 15.99999878,  3.5000012 ],
       [ 0.        ,  0.        ,  1.        ]])],
  [array([[15.99995341,  0.        ,  5.50000024],
       [ 0.        , 15.99992842,  3.50000011],
       [ 0.        ,  0.        ,  1.        ]])],
  [array([[16.00002206,  0.        ,  5.49999983],
       [ 0.        , 15.99994787,  3.49999998],
       [ 0.        ,  0.        ,  1.        ]])],
  [array([[16.00007635,  0.        ,  5.49999992],
       [ 0.        , 16.00009632,  3.5       ],
       [ 0.        ,  0.        ,  1.        ]])],
  [array([[16.00006136,  0.        ,  5.4999999 ],
       [ 0.        , 15.99997711,  3.5       ],
       [ 0.        ,  0.        ,  1.        ]])],
  [array([[16.10563456,  0.        ,  5.00004061],
       [ 0.        , 16.1058713 ,  3.00010035],
       [ 0.        ,  0.        ,  1.        ]])]],
 [[9.689562413106805e-09],
  [2.0086709690605185e-07],
  [1.7820083484904264e-07],
  [1.7797944082658032e-07],
  [1.8177581734052445e-07],
  [3.851108128544404e-05]],
 [[array([[ 1.00000000e+00, -9.55714845e-08, -9.80685890e-08],
       [ 9.55714722e-08,  1.00000000e+00, -1.25399459e-07],
       [ 9.80686010e-08,  1.25399450e-07,  1.00000000e+00]])],
  [array([[ 1.00000000e+00,  1.23433187e-09,  1.49742411e-06],
       [-1.23433425e-09,  1.00000000e+00,  1.58885734e-09],
       [-1.49742411e-06, -1.58885919e-09,  1.00000000e+00]])],
  [array([[ 1.00000000e+00, -7.78749335e-10,  1.16774585e-06],
       [ 7.78739692e-10,  1.00000000e+00,  8.25749508e-09],
       [-1.16774585e-06, -8.25749417e-09,  1.00000000e+00]])],
  [array([[ 1.00000000e+00,  6.05568330e-11,  8.59591254e-07],
       [-6.04879627e-11,  1.00000000e+00, -8.01102459e-08],
       [-8.59591254e-07,  8.01102459e-08,  1.00000000e+00]])],
  [array([[ 1.00000000e+00,  1.83184924e-10,  9.46890822e-07],
       [-1.83171297e-10,  1.00000000e+00, -1.43905239e-08],
       [-9.46890822e-07,  1.43905237e-08,  1.00000000e+00]])],
 [array([[ 9.99999997e-01, -3.69817669e-05, -7.00680135e-05],
       [ 3.69885311e-05,  9.99999995e-01,  9.65397043e-05],
       [ 7.00644429e-05, -9.65422957e-05,  9.99999993e-01]])]],
 [[array([[-4.99994091e+02],
       [ 2.09883226e-03],
       [-2.96614358e-02]])],
  [array([[-5.00031520e+02],
       [ 4.21405392e-04],
       [-9.09248512e-01]])],
  [array([[-5.00022583e+02],
       [-1.73558013e-04],
       [-5.43385345e-01]])],
  [array([[-5.00017994e+02],
       [ 1.64567974e-03],
       [-3.52258895e-01]])],
  [array([[-5.00017668e+02],
       [ 2.88693303e-04],
       [-2.77648741e-01]])],
  [array([[-498.56922208],
       [  -1.93758016],
       [   1.79907167]])]])
