([array([[2.73037543e+03, 0.00000000e+00, 9.68000000e+02, 0.00000000e+00],
       [0.00000000e+00, 2.73037543e+03, 6.08000000e+02, 0.00000000e+00],
       [0.00000000e+00, 0.00000000e+00, 1.00000000e+00, 0.00000000e+00]]),
  array([[2.73037543e+03, 0.00000000e+00, 9.68000000e+02, 0.00000000e+00],
       [0.00000000e+00, 2.73037543e+03, 6.08000000e+02, 0.00000000e+00],
       [0.00000000e+00, 0.00000000e+00, 1.00000000e+00, 0.00000000e+00]]),
  array([[2.73037543e+03, 0.00000000e+00, 9.68000000e+02, 0.00000000e+00],
       [0.00000000e+00, 2.73037543e+03, 6.08000000e+02, 0.00000000e+00],
       [0.00000000e+00, 0.00000000e+00, 1.00000000e+00, 0.00000000e+00]]),
  array([[2.73037543e+03, 0.00000000e+00, 9.68000000e+02, 0.00000000e+00],
       [0.00000000e+00, 2.73037543e+03, 6.08000000e+02, 0.00000000e+00],
       [0.00000000e+00, 0.00000000e+00, 1.00000000e+00, 0.00000000e+00]]),
  array([[2.73037543e+03, 0.00000000e+00, 9.68000000e+02, 0.00000000e+00],
       [0.00000000e+00, 2.73037543e+03, 6.08000000e+02, 0.00000000e+00],
       [0.00000000e+00, 0.00000000e+00, 1.00000000e+00, 0.00000000e+00]]),
  array([[2.73037543e+03, 0.00000000e+00, 9.68000000e+02, 0.00000000e+00],
       [0.00000000e+00, 2.73037543e+03, 6.08000000e+02, 0.00000000e+00],
       [0.00000000e+00, 0.00000000e+00, 1.00000000e+00, 0.00000000e+00]])],
 [array([[ 2.73037543e+03,  0.00000000e+00,  9.68000000e+02,
        -1.36518771e+06],
       [ 0.00000000e+00,  2.73037543e+03,  6.08000000e+02,
         0.00000000e+00],
       [ 0.00000000e+00,  0.00000000e+00,  1.00000000e+00,
         0.00000000e+00]]),
  array([[ 2.73037543e+03,  0.00000000e+00,  9.68000000e+02,
        -1.36518771e+06],
       [ 0.00000000e+00,  2.73037543e+03,  6.08000000e+02,
         0.00000000e+00],
       [ 0.00000000e+00,  0.00000000e+00,  1.00000000e+00,
         0.00000000e+00]]),
  array([[ 2.73037543e+03,  0.00000000e+00,  9.68000000e+02,
        -1.36518771e+06],
       [ 0.00000000e+00,  2.73037543e+03,  6.08000000e+02,
         0.00000000e+00],
       [ 0.00000000e+00,  0.00000000e+00,  1.00000000e+00,
         0.00000000e+00]]),
  array([[ 2.73037543e+03,  0.00000000e+00,  9.68000000e+02,
        -1.36518771e+06],
       [ 0.00000000e+00,  2.73037543e+03,  6.08000000e+02,
         0.00000000e+00],
       [ 0.00000000e+00,  0.00000000e+00,  1.00000000e+00,
         0.00000000e+00]]),
  array([[ 2.73037543e+03,  0.00000000e+00,  9.68000000e+02,
        -1.36518771e+06],
       [ 0.00000000e+00,  2.73037543e+03,  6.08000000e+02,
         0.00000000e+00],
       [ 0.00000000e+00,  0.00000000e+00,  1.00000000e+00,
         0.00000000e+00]]),
  array([[ 2.73037543e+03,  0.00000000e+00,  9.68000000e+02,
        -1.36518771e+06],
       [ 0.00000000e+00,  2.73037543e+03,  6.08000000e+02,
         0.00000000e+00],
       [ 0.00000000e+00,  0.00000000e+00,  1.00000000e+00,
         0.00000000e+00]])],
 [[2.885396208361745e-05],
  [3.1122677130425804e-05],
  [3.0069928774483127e-05],
  [3.0315527200817805e-05],
  [3.034681633517833e-05],
  [3.0365394345440123e-05]],
 [[array([[2.73037611e+03, 0.00000000e+00, 9.67999784e+02],
       [0.00000000e+00, 2.73037607e+03, 6.08000191e+02],
       [0.00000000e+00, 0.00000000e+00, 1.00000000e+00]])],
  [array([[2.73037612e+03, 0.00000000e+00, 9.67999692e+02],
       [0.00000000e+00, 2.73037609e+03, 6.08000207e+02],
       [0.00000000e+00, 0.00000000e+00, 1.00000000e+00]])],
  [array([[2.73037564e+03, 0.00000000e+00, 9.67999932e+02],
       [0.00000000e+00, 2.73037563e+03, 6.08000089e+02],
       [0.00000000e+00, 0.00000000e+00, 1.00000000e+00]])],
  [array([[2.73037570e+03, 0.00000000e+00, 9.67999917e+02],
       [0.00000000e+00, 2.73037571e+03, 6.08000102e+02],
       [0.00000000e+00, 0.00000000e+00, 1.00000000e+00]])],
  [array([[2.73037575e+03, 0.00000000e+00, 9.67999861e+02],
       [0.00000000e+00, 2.73037578e+03, 6.08000009e+02],
       [0.00000000e+00, 0.00000000e+00, 1.00000000e+00]])],
  [array([[2.73037564e+03, 0.00000000e+00, 9.67999954e+02],
       [0.00000000e+00, 2.73037563e+03, 6.08000078e+02],
       [0.00000000e+00, 0.00000000e+00, 1.00000000e+00]])]],
 [[3.4996092633459004e-05],
  [3.623369992098451e-05],
  [3.552026472582563e-05],
  [3.5556364620605494e-05],
  [3.6050633553408956e-05],
  [3.593355431277171e-05]],
 [[array([[2.73037550e+03, 0.00000000e+00, 9.68000007e+02],
       [0.00000000e+00, 2.73037550e+03, 6.08000187e+02],
       [0.00000000e+00, 0.00000000e+00, 1.00000000e+00]])],
  [array([[2.73037575e+03, 0.00000000e+00, 9.68000089e+02],
       [0.00000000e+00, 2.73037570e+03, 6.08000202e+02],
       [0.00000000e+00, 0.00000000e+00, 1.00000000e+00]])],
  [array([[2.73037541e+03, 0.00000000e+00, 9.67999967e+02],
       [0.00000000e+00, 2.73037542e+03, 6.08000066e+02],
       [0.00000000e+00, 0.00000000e+00, 1.00000000e+00]])],
  [array([[2.73037560e+03, 0.00000000e+00, 9.67999976e+02],
       [0.00000000e+00, 2.73037560e+03, 6.08000122e+02],
       [0.00000000e+00, 0.00000000e+00, 1.00000000e+00]])],
  [array([[2.73037547e+03, 0.00000000e+00, 9.68000005e+02],
       [0.00000000e+00, 2.73037546e+03, 6.08000034e+02],
       [0.00000000e+00, 0.00000000e+00, 1.00000000e+00]])],
  [array([[2.73037533e+03, 0.00000000e+00, 9.67999955e+02],
       [0.00000000e+00, 2.73037535e+03, 6.08000079e+02],
       [0.00000000e+00, 0.00000000e+00, 1.00000000e+00]])]],
 [[1.8575671933301118e-05],
  [2.3470705656091317e-05],
  [2.2350191687751807e-05],
  [2.2638359332849753e-05],
  [2.225392185100938e-05],
  [2.20120913701173e-05]],
 [[array([[ 1.00000000e+00, -9.07619189e-09, -5.17027978e-08],
       [ 9.07619111e-09,  1.00000000e+00, -1.55229045e-08],
       [ 5.17027980e-08,  1.55229041e-08,  1.00000000e+00]])],
  [array([[ 1.00000000e+00, -4.42457236e-09, -8.45700029e-08],
       [ 4.42457249e-09,  1.00000000e+00,  1.59749693e-09],
       [ 8.45700029e-08, -1.59749730e-09,  1.00000000e+00]])],
  [array([[ 1.00000000e+00, -2.69092868e-09, -5.74146324e-09],
       [ 2.69092868e-09,  1.00000000e+00,  6.31049766e-09],
       [ 5.74146324e-09, -6.31049766e-09,  1.00000000e+00]])],
  [array([[ 1.00000000e+00, -3.07349971e-09, -4.65532944e-09],
       [ 3.07349971e-09,  1.00000000e+00, -5.30447670e-09],
       [ 4.65532944e-09,  5.30447670e-09,  1.00000000e+00]])],
  [array([[ 1.00000000e+00, -7.61164135e-10, -2.73686697e-08],
       [ 7.61163934e-10,  1.00000000e+00, -6.58097357e-09],
       [ 2.73686697e-08,  6.58097354e-09,  1.00000000e+00]])],
  [array([[ 1.00000000e+00, -2.66826786e-09,  7.42286800e-10],
       [ 2.66826786e-09,  1.00000000e+00, -1.30450348e-10],
       [-7.42286800e-10,  1.30450348e-10,  1.00000000e+00]])]],
 [[array([[-5.00000062e+02],
       [ 3.10418332e-05],
       [-4.70683645e-04]])],
  [array([[-5.00000116e+02],
       [-4.55940178e-07],
       [-3.39060517e-04]])],
  [array([[-5.00000011e+02],
       [ 3.90475149e-06],
       [-1.74467971e-04]])],
  [array([[-5.00000036e+02],
       [-5.14733392e-06],
       [-9.44622719e-05]])],
  [array([[-5.00000052e+02],
       [-4.89931842e-06],
       [-2.52972077e-04]])],
  [array([[-5.00000001e+02],
       [-1.13641454e-06],
       [-2.21695140e-04]])]])
