([array([[16. ,  0. ,  5.5,  0. ],
       [ 0. , 16. ,  3.5,  0. ],
       [ 0. ,  0. ,  1. ,  0. ]]),
  array([[16. ,  0. ,  5.5,  0. ],
       [ 0. , 16. ,  3.5,  0. ],
       [ 0. ,  0. ,  1. ,  0. ]]),
  array([[16. ,  0. ,  5.5,  0. ],
       [ 0. , 16. ,  3.5,  0. ],
       [ 0. ,  0. ,  1. ,  0. ]]),
  array([[16. ,  0. ,  5.5,  0. ],
       [ 0. , 16. ,  3.5,  0. ],
       [ 0. ,  0. ,  1. ,  0. ]]),
  array([[16. ,  0. ,  5.5,  0. ],
       [ 0. , 16. ,  3.5,  0. ],
       [ 0. ,  0. ,  1. ,  0. ]]),
  array([[16. ,  0. ,  5.5,  0. ],
       [ 0. , 16. ,  3.5,  0. ],
       [ 0. ,  0. ,  1. ,  0. ]])],
 [array([[ 1.6e+01,  0.0e+00,  5.5e+00, -8.0e+03],
       [ 0.0e+00,  1.6e+01,  3.5e+00,  0.0e+00],
       [ 0.0e+00,  0.0e+00,  1.0e+00,  0.0e+00]]),
  array([[ 1.6e+01,  0.0e+00,  5.5e+00, -8.0e+03],
       [ 0.0e+00,  1.6e+01,  3.5e+00,  0.0e+00],
       [ 0.0e+00,  0.0e+00,  1.0e+00,  0.0e+00]]),
  array([[ 1.6e+01,  0.0e+00,  5.5e+00, -8.0e+03],
       [ 0.0e+00,  1.6e+01,  3.5e+00,  0.0e+00],
       [ 0.0e+00,  0.0e+00,  1.0e+00,  0.0e+00]]),
  array([[ 1.6e+01,  0.0e+00,  5.5e+00, -8.0e+03],
       [ 0.0e+00,  1.6e+01,  3.5e+00,  0.0e+00],
       [ 0.0e+00,  0.0e+00,  1.0e+00,  0.0e+00]]),
  array([[ 1.6e+01,  0.0e+00,  5.5e+00, -8.0e+03],
       [ 0.0e+00,  1.6e+01,  3.5e+00,  0.0e+00],
       [ 0.0e+00,  0.0e+00,  1.0e+00,  0.0e+00]]),
  array([[ 1.6e+01,  0.0e+00,  5.5e+00, -8.0e+03],
       [ 0.0e+00,  1.6e+01,  3.5e+00,  0.0e+00],
       [ 0.0e+00,  0.0e+00,  1.0e+00,  0.0e+00]])],
 [[1.432848910419465e-07],
  [1.8200287573925858e-07],
  [1.844267263052522e-07],
  [1.8472374806627585e-07],
  [1.816662242473837e-07],
  [1.853261158138272e-07]],
 [[array([[15.99999964,  0.        ,  5.49999968],
       [ 0.        , 15.99999976,  3.49999916],
       [ 0.        ,  0.        ,  1.        ]])],
  [array([[15.99999753,  0.        ,  5.50000097],
       [ 0.        , 15.99999791,  3.50000007],
       [ 0.        ,  0.        ,  1.        ]])],
  [array([[15.99999835,  0.        ,  5.5000021 ],
       [ 0.        , 15.99999845,  3.50000041],
       [ 0.        ,  0.        ,  1.        ]])],
  [array([[15.9999985 ,  0.        ,  5.50000137],
       [ 0.        , 15.99999862,  3.50000061],
       [ 0.        ,  0.        ,  1.        ]])],
  [array([[15.99999886,  0.        ,  5.50000016],
       [ 0.        , 15.99999893,  3.50000028],
       [ 0.        ,  0.        ,  1.        ]])],
  [array([[16.00000073,  0.        ,  5.50000062],
       [ 0.        , 16.00000086,  3.50000036],
       [ 0.        ,  0.        ,  1.        ]])]],
 [[1.6746667163998718e-07],
  [2.130688086546831e-07],
  [2.1832196849933805e-07],
  [2.1990103058054734e-07],
  [2.146490815271026e-07],
  [2.2048023842265042e-07]],
 [[array([[16.00000077,  0.        ,  5.49999925],
       [ 0.        , 16.0000016 ,  3.49999866],
       [ 0.        ,  0.        ,  1.        ]])],
  [array([[16.00000232,  0.        ,  5.5000005 ],
       [ 0.        , 16.00000291,  3.4999999 ],
       [ 0.        ,  0.        ,  1.        ]])],
  [array([[16.00000116,  0.        ,  5.50000061],
       [ 0.        , 16.0000014 ,  3.50000038],
       [ 0.        ,  0.        ,  1.        ]])],
  [array([[16.00000134,  0.        ,  5.50000107],
       [ 0.        , 16.00000134,  3.50000026],
       [ 0.        ,  0.        ,  1.        ]])],
  [array([[15.99999971,  0.        ,  5.50000024],
       [ 0.        , 15.99999988,  3.50000036],
       [ 0.        ,  0.        ,  1.        ]])],
  [array([[16.00000071,  0.        ,  5.50000013],
       [ 0.        , 16.00000085,  3.50000038],
       [ 0.        ,  0.        ,  1.        ]])]],
 [[9.835100871039172e-08],
  [1.300283881645069e-07],
  [1.3163679364871214e-07],
  [1.3239647009764755e-07],
  [1.3069609374229215e-07],
  [1.3169207371775606e-07]],
 [[array([[ 1.00000000e+00,  9.71644236e-09,  1.97144399e-08],
       [-9.71644275e-09,  1.00000000e+00,  2.18496625e-08],
       [-1.97144397e-08, -2.18496627e-08,  1.00000000e+00]])],
  [array([[ 1.00000000e+00, -1.15684792e-10,  5.37363246e-08],
       [ 1.15684473e-10,  1.00000000e+00,  6.00595060e-09],
       [-5.37363246e-08, -6.00595059e-09,  1.00000000e+00]])],
  [array([[ 1.00000000e+00, -1.55619302e-09,  8.09463339e-08],
       [ 1.55619285e-09,  1.00000000e+00,  1.97608225e-09],
       [-8.09463339e-08, -1.97608212e-09,  1.00000000e+00]])],
  [array([[ 1.00000000e+00, -3.14232286e-09,  1.56358765e-08],
       [ 3.14232264e-09,  1.00000000e+00,  1.46237850e-08],
       [-1.56358765e-08, -1.46237850e-08,  1.00000000e+00]])],
  [array([[ 1.00000000e+00, -1.67861957e-09, -1.07729659e-08],
       [ 1.67861951e-09,  1.00000000e+00, -3.63836757e-09],
       [ 1.07729659e-08,  3.63836754e-09,  1.00000000e+00]])],
  [array([[ 1.00000000e+00, -1.26356639e-09,  2.68170035e-08],
       [ 1.26356642e-09,  1.00000000e+00, -1.51416874e-09],
       [-2.68170035e-08,  1.51416877e-09,  1.00000000e+00]])]],
 [[array([[-4.99999990e+02],
       [ 1.91380070e-05],
       [ 2.18018266e-04]])],
  [array([[-5.00000049e+02],
       [ 9.93455789e-06],
       [ 6.38850347e-04]])],
  [array([[-4.99999971e+02],
       [-6.16157652e-07],
       [ 4.01460686e-04]])],
  [array([[-4.99999991e+02],
       [ 1.45696072e-05],
       [ 3.38234217e-04]])],
  [array([[-4.99999988e+02],
       [-2.97629023e-06],
       [ 1.48820264e-04]])],
  [array([[-4.99999992e+02],
       [-5.04571614e-07],
       [ 3.75787601e-06]])]])
