(array([[0.999936, 0.004478, 0.010436],
       [-0.004514, 0.999984, 0.003471],
       [-0.010420, -0.003518, 0.999940]]),
 array([[0.997520, 0.000633, 0.070388],
       [-0.000387, 0.999994, -0.003511],
       [-0.070390, 0.003475, 0.997514]]),
 [[0.6493056088977223]],
 array([[2588.045854, 0.000000, 860.593208, 0.000000],
       [0.000000, 2588.045854, 610.476013, 0.000000],
       [0.000000, 0.000000, 1.000000, 0.000000]]),
 [[array([[2593.455177, 0.000000, 937.271354],
       [0.000000, 2596.819522, 595.536887],
       [0.000000, 0.000000, 1.000000]])]],
 [[0.5865182028596742]],
 [array([[-0.205594, -0.024990, -0.000201, 0.004582, 0.638881]])],
 array([[2588.045854, 0.000000, 860.593208, -1236156.980433],
       [0.000000, 2588.045854, 610.476013, 0.000000],
       [0.000000, 0.000000, 1.000000, 0.000000]]),
 [[array([[2579.859915, 0.000000, 1022.673288],
       [0.000000, 2579.272185, 626.014042],
       [0.000000, 0.000000, 1.000000]])]],
 [[0.6257174143470249]],
 [array([[-0.177249, -0.395088, -0.001315, -0.000140, 1.726806]])],
 [[array([[0.998190, 0.004327, -0.059977],
       [-0.003917, 0.999968, 0.006952],
       [0.060005, -0.006705, 0.998176]])]],
 [[array([[-476.456279],
       [-0.302435],
       [-33.620097]])]])
