(array([[0.999961, 0.003947, 0.007962],
       [-0.003976, 0.999986, 0.003574],
       [-0.007948, -0.003606, 0.999962]]),
 array([[0.997568, 0.000941, 0.069689],
       [-0.000690, 0.999993, -0.003617],
       [-0.069692, 0.003560, 0.997562]]),
 [[0.5858582529660523]],
 array([[2604.541064, 0.000000, 854.754181, 0.000000],
       [0.000000, 2604.541064, 635.529003, 0.000000],
       [0.000000, 0.000000, 1.000000, 0.000000]]),
 [[array([[2609.279406, 0.000000, 919.938333],
       [0.000000, 2613.443863, 624.119490],
       [0.000000, 0.000000, 1.000000]])]],
 [[0.529290181134825]],
 [array([[-0.198958, -0.110533, 0.000448, 0.004362, 0.834445]])],
 array([[2604.541064, 0.000000, 854.754181, -1254169.013770],
       [0.000000, 2604.541064, 635.529003, 0.000000],
       [0.000000, 0.000000, 1.000000, 0.000000]]),
 [[array([[2594.716841, 0.000000, 1016.073982],
       [0.000000, 2595.638264, 654.018781],
       [0.000000, 0.000000, 1.000000]])]],
 [[0.5612022425113058]],
 [array([[-0.186235, -0.351161, -0.001018, -0.001234, 1.579094]])],
 [[array([[0.998086, 0.003499, -0.061748],
       [-0.003063, 0.999970, 0.007141],
       [0.061772, -0.006939, 0.998066]])]],
 [[array([[-480.360752],
       [-0.452980],
       [-33.557328]])]])
