(array([[0.566479, 0.030137, 0.823525],
       [-0.022384, 0.999525, -0.021181],
       [-0.823772, -0.006435, 0.566885]]),
 array([[0.523695, 0.015696, 0.851761],
       [-0.023825, 0.999709, -0.003774],
       [-0.851573, -0.018317, 0.523917]]),
 [[0.48382956215306]],
 array([[2911.218937, 0.000000, -6579.622375, 0.000000],
       [0.000000, 2911.218937, 883.286697, 0.000000],
       [0.000000, 0.000000, 1.000000, 0.000000]]),
 [[array([[3415.476927, 0.000000, 866.529480],
       [0.000000, 3427.475550, 591.419726],
       [0.000000, 0.000000, 1.000000]])]],
 [[0.19912488804572606]],
 [array([[-0.195499, -3.735338, 0.009925, 0.016980, 23.979335]])],
 array([[2911.218937, 0.000000, -6579.622375, -2684581.788235],
       [0.000000, 2911.218937, 883.286697, 0.000000],
       [0.000000, 0.000000, 1.000000, 0.000000]]),
 [[array([[2387.502824, 0.000000, 962.211229],
       [0.000000, 2394.962325, 712.916876],
       [0.000000, 0.000000, 1.000000]])]],
 [[0.16997805220999498]],
 [array([[-0.176042, -0.707822, 0.000383, -0.004656, 4.430625]])],
 [[array([[0.998697, -0.002551, -0.050963],
       [0.001603, 0.999825, -0.018633],
       [0.051002, 0.018527, 0.998527]])]],
 [[array([[-482.925694],
       [-14.473777],
       [-785.451905]])]])
