(array([[0.999381, 0.005996, 0.034656],
       [-0.006043, 0.999981, 0.001233],
       [-0.034647, -0.001442, 0.999399]]),
 array([[0.995554, 0.004217, 0.094095],
       [-0.004091, 0.999990, -0.001532],
       [-0.094101, 0.001140, 0.995562]]),
 [[0.5044964792035515]],
 array([[2621.355047, 0.000000, 776.166679, 0.000000],
       [0.000000, 2621.355047, 675.691708, 0.000000],
       [0.000000, 0.000000, 1.000000, 0.000000]]),
 [[array([[2634.161432, 0.000000, 917.074509],
       [0.000000, 2639.351298, 660.793013],
       [0.000000, 0.000000, 1.000000]])]],
 [[0.4471677741963123]],
 [array([[-0.201127, -0.163739, 0.001529, 0.005314, 0.952685]])],
 array([[2621.355047, 0.000000, 776.166679, -1271696.041891],
       [0.000000, 2621.355047, 675.691708, 0.000000],
       [0.000000, 0.000000, 1.000000, 0.000000]]),
 [[array([[2600.070750, 0.000000, 1012.469898],
       [0.000000, 2603.358796, 704.589934],
       [0.000000, 0.000000, 1.000000]])]],
 [[0.4800029832407351]],
 [array([[-0.204175, -0.281795, -0.001168, -0.003732, 1.391858]])],
 [[array([[0.998223, 0.002014, -0.059548],
       [-0.001868, 0.999995, 0.002518],
       [0.059553, -0.002403, 0.998222]])]],
 [[array([[-482.972503],
       [-2.045827],
       [-45.648413]])]])
