(array([[0.999834, 0.004380, 0.017695],
       [-0.004356, 0.999990, -0.001370],
       [-0.017700, 0.001293, 0.999842]]),
 array([[0.996592, 0.004983, 0.082335],
       [-0.005093, 0.999986, 0.001123],
       [-0.082328, -0.001538, 0.996604]]),
 [[0.38631568517222586]],
 array([[2537.174175, 0.000000, 800.301537, 0.000000],
       [0.000000, 2537.174175, 690.467422, 0.000000],
       [0.000000, 0.000000, 1.000000, 0.000000]]),
 [[array([[2543.325536, 0.000000, 897.865874],
       [0.000000, 2549.769207, 672.730174],
       [0.000000, 0.000000, 1.000000]])]],
 [[0.3196305278037616]],
 [array([[-0.180499, -0.343050, 0.000786, 0.005520, 1.154737]])],
 array([[2537.174175, 0.000000, 800.301537, -1230240.106780],
       [0.000000, 2537.174175, 690.467422, 0.000000],
       [0.000000, 0.000000, 1.000000, 0.000000]]),
 [[array([[2517.165520, 0.000000, 983.276253],
       [0.000000, 2524.579143, 721.006689],
       [0.000000, 0.000000, 1.000000]])]],
 [[0.31088185767424104]],
 [array([[-0.205769, -0.203128, 0.000080, -0.005358, 1.052659]])],
 [[array([[0.997906, -0.000834, -0.064674],
       [0.000653, 0.999996, -0.002820],
       [0.064676, 0.002772, 0.997902]])]],
 [[array([[-483.233599],
       [-2.416351],
       [-39.922846]])]])
