(array([[0.999939, 0.003467, 0.010520],
       [-0.003504, 0.999988, 0.003506],
       [-0.010508, -0.003542, 0.999939]]),
 array([[0.997367, -0.000334, 0.072518],
       [0.000590, 0.999994, -0.003505],
       [-0.072516, 0.003539, 0.997361]]),
 [[0.7349147342977488]],
 array([[2575.291125, 0.000000, 857.961983, 0.000000],
       [0.000000, 2575.291125, 613.582943, 0.000000],
       [0.000000, 0.000000, 1.000000, 0.000000]]),
 [[array([[2582.091025, 0.000000, 936.730455],
       [0.000000, 2584.720309, 599.633110],
       [0.000000, 0.000000, 1.000000]])]],
 [[0.669153090609754]],
 [array([[-0.193756, -0.095820, -0.000064, 0.003600, 0.829085]])],
 array([[2575.291125, 0.000000, 857.961983, -1224214.865566],
       [0.000000, 2575.291125, 613.582943, 0.000000],
       [0.000000, 0.000000, 1.000000, 0.000000]]),
 [[array([[2567.043553, 0.000000, 1023.351468],
       [0.000000, 2565.861942, 629.353803],
       [0.000000, 0.000000, 1.000000]])]],
 [[0.708122793907135]],
 [array([[-0.169930, -0.409965, -0.001318, 0.000123, 1.715139]])],
 [[array([[0.998066, 0.004304, -0.062017],
       [-0.003875, 0.999968, 0.007041],
       [0.062045, -0.006787, 0.998050]])]],
 [[array([[-474.117890],
       [0.158841],
       [-34.472694]])]])
