(array([[0.903323, 0.015634, -0.428676],
       [-0.013174, 0.999875, 0.008706],
       [0.428759, -0.002217, 0.903416]]),
 array([[0.923990, 0.008533, -0.382320],
       [-0.010715, 0.999936, -0.003579],
       [0.382265, 0.007403, 0.924023]]),
 [[0.2480641466427782]],
 array([[2177.466965, 0.000000, 2152.156991, 0.000000],
       [0.000000, 2177.466965, 619.112328, 0.000000],
       [0.000000, 0.000000, 1.000000, 0.000000]]),
 [[array([[2025.946993, 0.000000, 940.742322],
       [0.000000, 2028.540029, 612.812453],
       [0.000000, 0.000000, 1.000000]])]],
 [[0.18191521222856677]],
 [array([[-0.149959, 0.042784, 0.000566, 0.001732, 0.054715]])],
 array([[2177.466965, 0.000000, 2152.156991, -1151343.466065],
       [0.000000, 2177.466965, 619.112328, 0.000000],
       [0.000000, 0.000000, 1.000000, 0.000000]]),
 [[array([[2322.950349, 0.000000, 989.618250],
       [0.000000, 2326.393900, 642.560343],
       [0.000000, 0.000000, 1.000000]])]],
 [[0.19263678452692068]],
 [array([[-0.146454, -0.226361, 0.000986, -0.002682, 0.723279]])],
 [[array([[0.998703, 0.002885, -0.050841],
       [-0.002291, 0.999929, 0.011736],
       [0.050871, -0.011604, 0.998638]])]],
 [[array([[-488.563277],
       [-4.511930],
       [202.153213]])]])
