(array([[0.995215, 0.004156, 0.097617],
       [-0.004191, 0.999991, 0.000146],
       [-0.097615, -0.000554, 0.995224]]),
 array([[0.986520, -0.001462, 0.163633],
       [0.001519, 0.999999, -0.000227],
       [-0.163632, 0.000472, 0.986521]]),
 [[0.3140591106608986]],
 array([[2502.632798, 0.000000, 559.240974, 0.000000],
       [0.000000, 2502.632798, 648.597790, 0.000000],
       [0.000000, 0.000000, 1.000000, 0.000000]]),
 [[array([[2522.198411, 0.000000, 907.172264],
       [0.000000, 2525.130834, 636.806439],
       [0.000000, 0.000000, 1.000000]])]],
 [[0.24905314281196478]],
 [array([[-0.186477, -0.238468, -0.000152, 0.004197, 0.467751]])],
 array([[2502.632798, 0.000000, 559.240974, -1196034.065180],
       [0.000000, 2502.632798, 648.597790, 0.000000],
       [0.000000, 0.000000, 1.000000, 0.000000]]),
 [[array([[2477.902267, 0.000000, 958.327768],
       [0.000000, 2480.134763, 664.408897],
       [0.000000, 0.000000, 1.000000]])]],
 [[0.2515006289200591]],
 [array([[-0.226711, -0.073494, -0.002418, -0.002102, 0.244917]])],
 [[array([[0.997767, 0.005710, -0.066550],
       [-0.005691, 0.999984, 0.000473],
       [0.066551, -0.000094, 0.997783]])]],
 [[array([[-471.468197],
       [0.698573],
       [-78.201883]])]])
