(array([[0.999918, 0.000665, 0.012773],
       [-0.000668, 1.000000, 0.000247],
       [-0.012773, -0.000256, 0.999918]]),
 array([[0.997525, -0.004510, 0.070167],
       [0.004528, 0.999990, -0.000093],
       [-0.070166, 0.000410, 0.997535]]),
 [[0.4200528102491298]],
 array([[2403.168322, 0.000000, 853.409348, 0.000000],
       [0.000000, 2403.168322, 658.618023, 0.000000],
       [0.000000, 0.000000, 1.000000, 0.000000]]),
 [[array([[2403.606478, 0.000000, 967.431672],
       [0.000000, 2406.040530, 651.175187],
       [0.000000, 0.000000, 1.000000]])]],
 [[0.33439226639192937]],
 [array([[-0.184567, -0.134181, 0.000855, 0.003156, 0.365487]])],
 array([[2403.168322, 0.000000, 853.409348, -1082245.159982],
       [0.000000, 2403.168322, 658.618023, 0.000000],
       [0.000000, 0.000000, 1.000000, 0.000000]]),
 [[array([[2397.778083, 0.000000, 968.065226],
       [0.000000, 2400.296114, 676.814690],
       [0.000000, 0.000000, 1.000000]])]],
 [[0.3440935272107793]],
 [array([[-0.199036, -0.150278, -0.000254, -0.001986, 0.885921]])],
 [[array([[0.998337, 0.005209, -0.057418],
       [-0.005183, 0.999986, 0.000599],
       [0.057420, -0.000301, 0.998350]])]],
 [[array([[-449.226393],
       [2.031023],
       [-31.599275]])]])
