(array([[0.999800, 0.001953, 0.019928],
       [-0.001951, 0.999998, -0.000110],
       [-0.019928, 0.000071, 0.999801]]),
 array([[0.997152, -0.003436, 0.075342],
       [0.003429, 0.999994, 0.000220],
       [-0.075342, 0.000039, 0.997158]]),
 [[0.42102778646563177]],
 array([[2417.345975, 0.000000, 843.360413, 0.000000],
       [0.000000, 2417.345975, 638.469475, 0.000000],
       [0.000000, 0.000000, 1.000000, 0.000000]]),
 [[array([[2418.694931, 0.000000, 979.779448],
       [0.000000, 2421.461130, 627.842765],
       [0.000000, 0.000000, 1.000000]])]],
 [[0.3398358373504143]],
 [array([[-0.198409, -0.025669, 0.001045, 0.003444, 0.061713]])],
 array([[2417.345975, 0.000000, 843.360413, -1080357.015410],
       [0.000000, 2417.345975, 638.469475, 0.000000],
       [0.000000, 0.000000, 1.000000, 0.000000]]),
 [[array([[2410.818619, 0.000000, 972.998539],
       [0.000000, 2413.230821, 655.639522],
       [0.000000, 0.000000, 1.000000]])]],
 [[0.3488877234252413]],
 [array([[-0.209362, -0.022148, -0.000282, -0.002077, 0.345703]])],
 [[array([[0.998447, 0.005371, -0.055456],
       [-0.005387, 0.999985, -0.000139],
       [0.055455, 0.000437, 0.998461]])]],
 [[array([[-445.645761],
       [1.535615],
       [-33.671696]])]])
