(array([[0.999470, -0.030594, 0.011113],
       [0.014391, 0.109101, -0.993926],
       [0.029195, 0.993560, 0.109484]]),
 array([[0.997858, -0.039225, 0.052349],
       [0.055611, 0.087288, -0.994630],
       [0.034445, 0.995411, 0.089283]]),
 [[1.494429118182728]],
 array([[5552.897444, 0.000000, 3466.822479, 0.000000],
       [0.000000, 5552.897444, -25899.651489, 0.000000],
       [0.000000, 0.000000, 1.000000, 0.000000]]),
 [[array([[2337.933011, 0.000000, 946.262618],
       [0.000000, 2339.714345, 603.769100],
       [0.000000, 0.000000, 1.000000]])]],
 [[0.1797562865496965]],
 [array([[-0.196960, -0.151478, -0.001757, 0.003240, 0.487595]])],
 array([[5552.897444, 0.000000, 3466.822479, 0.000000],
       [0.000000, 5552.897444, -25899.651489, -39180496.146392],
       [0.000000, 0.000000, 1.000000, 0.000000]]),
 [[array([[8767.861877, 0.000000, 849.162615],
       [0.000000, 8616.470961, 1145.205469],
       [0.000000, 0.000000, 1.000000]])]],
 [[0.2845523820389672]],
 [array([[-2.340665, 32.910517, -0.129581, -0.006129, -753.737759]])],
 [[array([[0.999135, 0.009762, -0.040413],
       [-0.008887, 0.999723, 0.021787],
       [0.040615, -0.021409, 0.998945]])]],
 [[array([[-392.383548],
       [-615.895750],
       [7017.972790]])]])
