(array([[0.982939, 0.014090, -0.183391],
       [-0.012966, 0.999889, 0.007328],
       [0.183474, -0.004825, 0.983013]]),
 array([[0.991409, 0.010093, -0.130405],
       [-0.010891, 0.999926, -0.005403],
       [0.130341, 0.006776, 0.991446]]),
 [[0.42824881183991403]],
 array([[2437.694664, 0.000000, 1361.670620, 0.000000],
       [0.000000, 2437.694664, 696.031540, 0.000000],
       [0.000000, 0.000000, 1.000000, 0.000000]]),
 [[array([[2400.178145, 0.000000, 884.781620],
       [0.000000, 2402.646636, 693.222243],
       [0.000000, 0.000000, 1.000000]])]],
 [[0.3263805337437489]],
 [array([[-0.235031, 0.052486, -0.001175, 0.002929, -0.063818]])],
 array([[2437.694664, 0.000000, 1361.670620, -1134197.484983],
       [0.000000, 2437.694664, 696.031540, 0.000000],
       [0.000000, 0.000000, 1.000000, 0.000000]]),
 [[array([[2467.504459, 0.000000, 938.378726],
       [0.000000, 2472.742691, 718.213950],
       [0.000000, 0.000000, 1.000000]])]],
 [[0.2974946710177173]],
 [array([[-0.196599, -0.053800, 0.001680, -0.004031, 0.189224]])],
 [[array([[0.998550, 0.002450, -0.053768],
       [-0.001800, 0.999925, 0.012138],
       [0.053794, -0.012023, 0.998480]])]],
 [[array([[-461.277627],
       [-4.696154],
       [60.674367]])]])
