(array([[0.985090, 0.011804, -0.171635],
       [-0.010922, 0.999922, 0.006084],
       [0.171694, -0.004119, 0.985142]]),
 array([[0.992281, 0.008201, -0.123739],
       [-0.008835, 0.999950, -0.004582],
       [0.123695, 0.005640, 0.992304]]),
 [[0.4033138866338002]],
 array([[2445.745794, 0.000000, 1346.438644, 0.000000],
       [0.000000, 2445.745794, 686.893353, 0.000000],
       [0.000000, 0.000000, 1.000000, 0.000000]]),
 [[array([[2410.577004, 0.000000, 902.260225],
       [0.000000, 2412.551958, 680.882082],
       [0.000000, 0.000000, 1.000000]])]],
 [[0.3130297980793133]],
 [array([[-0.223034, -0.004271, -0.000862, 0.002020, 0.058522]])],
 array([[2445.745794, 0.000000, 1346.438644, -1139706.175134],
       [0.000000, 2445.745794, 686.893353, 0.000000],
       [0.000000, 0.000000, 1.000000, 0.000000]]),
 [[array([[2474.039737, 0.000000, 944.593694],
       [0.000000, 2478.939629, 709.512022],
       [0.000000, 0.000000, 1.000000]])]],
 [[0.28736044904292085]],
 [array([[-0.191632, -0.019594, 0.001737, -0.003761, 0.036324]])],
 [[array([[0.998820, 0.002369, -0.048507],
       [-0.001875, 0.999946, 0.010232],
       [0.048529, -0.010129, 0.998770]])]],
 [[array([[-462.398303],
       [-3.821513],
       [57.661724]])]])
