array([[ 9.99865191e-01,  5.74195068e-03, -1.53827945e-02],
       [-5.73051768e-03,  9.99983271e-01,  7.87208563e-04],
       [ 1.53870573e-02, -6.98951064e-04,  9.99881368e-01]])

array([[ 9.99644886e-01, -2.33113089e-04,  2.66467208e-02],
       [ 2.52916090e-04,  9.99999694e-01, -7.39800548e-04],
       [-2.66465402e-02,  7.46277219e-04,  9.99644639e-01]])

array([[2.65364836e+03, 0.00000000e+00, 9.49162292e+02, 0.00000000e+00],
       [0.00000000e+00, 2.65364836e+03, 5.99401215e+02, 0.00000000e+00],
       [0.00000000e+00, 0.00000000e+00, 1.00000000e+00, 0.00000000e+00]])

array([[ 2.65364836e+03,  0.00000000e+00,  9.49162292e+02,-1.29424453e+06],
       [ 0.00000000e+00,  2.65364836e+03,  5.99401215e+02, 0.00000000e+00],
       [ 0.00000000e+00,  0.00000000e+00,  1.00000000e+00, 0.00000000e+00]])

0.6699307374059731

array([[2.65156806e+03, 0.00000000e+00, 9.42018123e+02],
       [0.00000000e+00, 2.65317152e+03, 5.84000754e+02],
       [0.00000000e+00, 0.00000000e+00, 1.00000000e+00]])

array([[2.65392395e+03, 0.00000000e+00, 9.88954730e+02],
       [0.00000000e+00, 2.65412519e+03, 6.12517211e+02],
       [0.00000000e+00, 0.00000000e+00, 1.00000000e+00]])

0.6204724041667722

0.6421331810309734

array([[-1.92025697e-01, -1.30526348e-01, -3.48978762e-04,
         3.89657941e-03,  1.39267519e+00]])

array([[-1.64544141e-01, -2.43875832e-01, -1.06005906e-03,
        -1.67451272e-04,  1.29151673e+00]])

array([[ 0.99909866,  0.00601145, -0.04202051],
       [-0.00595211,  0.9999811 ,  0.00153698],
       [ 0.04202896, -0.00128549,  0.99911557]])

array([[-4.87549498e+02],
       [ 1.13694544e-01],
       [-1.29962105e+01]])