array([[ 0.99988612,  0.00532596, -0.0141203 ],
       [-0.00531022,  0.99998524,  0.00115208],
       [ 0.01412623, -0.00107696,  0.99989964]])

array([[ 9.99571275e-01, -1.72088276e-04,  2.92785869e-02],
       [ 2.04724179e-04,  9.99999361e-01, -1.11167396e-03],
       [-2.92783768e-02,  1.11719140e-03,  9.99570672e-01]])

array([[2.64259382e+03, 0.00000000e+00, 9.40981041e+02, 0.00000000e+00],
       [0.00000000e+00, 2.64259382e+03, 6.16541534e+02, 0.00000000e+00],
       [0.00000000e+00, 0.00000000e+00, 1.00000000e+00, 0.00000000e+00]])

array([[ 2.64259382e+03,  0.00000000e+00,  9.40981041e+02, -1.28169512e+06],
       [ 0.00000000e+00,  2.64259382e+03,  6.16541534e+02, 0.00000000e+00],
       [ 0.00000000e+00,  0.00000000e+00,  1.00000000e+00, 0.00000000e+00]])

0.611941138196661

array([[2.64379240e+03, 0.00000000e+00, 9.39121697e+02],
       [0.00000000e+00, 2.64293945e+03, 6.04490930e+02],
       [0.00000000e+00, 0.00000000e+00, 1.00000000e+00]])

array([[ 0.99904276,  0.00555993, -0.04338945],
       [-0.0054665 ,  0.99998248,  0.00227159],
       [ 0.04340132, -0.00203222,  0.99905565]])

array([[-1.68715867e-01, -1.85299979e-01,  4.33573458e-05,
         6.96674201e-04,  1.28269490e+00]])

array([[-1.71377400e-01, -3.67145716e-01, -1.10087593e-03,
        -1.13767039e-03,  2.48590779e+00]])

array([[2.64214286e+03, 0.00000000e+00, 9.85678399e+02],
       [0.00000000e+00, 2.64224819e+03, 6.31054846e+02],
       [0.00000000e+00, 0.00000000e+00, 1.00000000e+00]])

array([[-4.84806107e+02],
       [ 8.34652307e-02],
       [-1.42005258e+01]])