array([[ 9.99736545e-01,  5.47979617e-03, -2.22892833e-02],
       [-5.45715083e-03,  9.99984530e-01,  1.07667332e-03],
       [ 2.22948384e-02, -9.54753687e-04,  9.99750983e-01]])

array([[ 9.99794903e-01, -2.28194276e-04,  2.02509364e-02],
       [ 2.48765718e-04,  9.99999456e-01, -1.01331337e-03],
       [-2.02506941e-02,  1.01814328e-03,  9.99794415e-01]])       

array([[2.66048047e+03, 0.00000000e+00, 9.65346382e+02, 0.00000000e+00],
       [0.00000000e+00, 2.66048047e+03, 6.08057487e+02, 0.00000000e+00],
       [0.00000000e+00, 0.00000000e+00, 1.00000000e+00, 0.00000000e+00]])

array([[ 2.66048047e+03,  0.00000000e+00,  9.65346382e+02,-1.30098855e+06],
       [ 0.00000000e+00,  2.66048047e+03,  6.08057487e+02,0.00000000e+00],
       [ 0.00000000e+00,  0.00000000e+00,  1.00000000e+00,0.00000000e+00]])

0.6857401459219863

array([[2.65797665e+03, 0.00000000e+00, 9.35973598e+02],
       [0.00000000e+00, 2.65822200e+03, 5.94703562e+02],
       [0.00000000e+00, 0.00000000e+00, 1.00000000e+00]])

array([[2.66307259e+03, 0.00000000e+00, 9.86426748e+02],
       [0.00000000e+00, 2.66273895e+03, 6.21687501e+02],
       [0.00000000e+00, 0.00000000e+00, 1.00000000e+00]])


0.6422926221837776

0.6558170523570842

array([[-1.85854822e-01, -1.74920338e-01, -4.03425291e-05,2.90286741e-03,  1.56804619e+00]])

array([[-1.59286358e-01, -2.58979765e-01, -9.35244183e-04, 9.36265945e-05,  1.31070598e+00]])

array([[ 0.99907866,  0.00574677, -0.0425301 ],
       [-0.00566258,  0.99998176,  0.00209965],
       [ 0.04254139, -0.00185688,  0.99909298]])

array([[-4.88904816e+02],
       [ 1.11588167e-01],
       [-9.90281135e+00]])