image_width: 1936
image_height: 1216
camera_name: camera_left
camera_matrix:
  rows: 3
  cols: 3
  data: [2.64031172e+03, 0.00000000e+00, 9.48526379e+02,0.00000000e+00, 2.63996030e+03, 5.92086697e+02,0.00000000e+00, 0.00000000e+00, 1.00000000e+00]
distortion_model: plumb_bob
distortion_coefficients:
  rows: 1
  cols: 5
  data: [-1.68951576e-01, -2.48352815e-01, -7.18363837e-04,1.97437956e-03,  1.59870482e+00]
rectification_matrix:
  rows: 3
  cols: 3
  data: [ 0.99994809,  0.00579939, -0.00837788,-0.00579074,  0.99998267,  0.001057,0.00838386, -0.00100843,  0.99996435]
projection_matrix:
  rows: 3
  cols: 4
  data: [2.63893873e+03, 0.00000000e+00, 9.31667976e+02, 0.00000000e+00,0.00000000e+00, 2.63893873e+03, 6.05840981e+02, 0.00000000e+00,0.00000000e+00, 0.00000000e+00, 1.00000000e+00, 0.00000000e+00]