image_width: 1936
image_height: 1216
camera_name: camera_left
camera_matrix:
  rows: 3
  cols: 3
  data: [2.65797665e+03, 0.00000000e+00, 9.35973598e+02,0.00000000e+00, 2.65822200e+03, 5.94703562e+02,0.00000000e+00, 0.00000000e+00, 1.00000000e+00]
distortion_model: plumb_bob
distortion_coefficients:
  rows: 1
  cols: 5
  data: [-1.85854822e-01, -1.74920338e-01, -4.03425291e-05,2.90286741e-03,  1.56804619e+00]
rectification_matrix:
  rows: 3
  cols: 3
  data: [ 9.99736545e-01,  5.47979617e-03, -2.22892833e-02,-5.45715083e-03,  9.99984530e-01,  1.07667332e-03,2.22948384e-02, -9.54753687e-04,  9.99750983e-01]
projection_matrix:
  rows: 3
  cols: 4
  data: [2.66048047e+03, 0.00000000e+00, 9.65346382e+02, 0.00000000e+00,0.00000000e+00, 2.66048047e+03, 6.08057487e+02, 0.00000000e+00,0.00000000e+00, 0.00000000e+00, 1.00000000e+00, 0.00000000e+00]