image_width: 1936
image_height: 1216
camera_name: camera_right
camera_matrix:
  rows: 3
  cols: 3
  data: [6056.20758, 0.00000000, 971.311857,0.00000000, 6147.57536, 562.275889,0.00000000, 0.00000000, 1.00000000]
distortion_model: plumb_bob
distortion_coefficients:
  rows: 1
  cols: 5
  data: [-0.201704164, -0.774677429, -0.00163609885, -0.00502223311,  5.52792334]
rectification_matrix:
  rows: 3
  cols: 3
  data: [ 0.22606018, -0.07536289,  0.97119371,0.05075561,  0.99655977,  0.0655171 ,-0.97279014,  0.03448272,  0.22910757]
projection_matrix:
  rows: 3
  cols: 4
  data: [ 4632.45057,  0.00000000,  639.039429,-11070463.2,0.00000000,  4632.45057,  1703.26317,0.00000000,0.00000000,  0.00000000,  1.00000000,0.00000000]