image_width: 1936
image_height: 1216
camera_name: camera_right
camera_matrix:
  rows: 3
  cols: 3
  data:  [2663.07259, 0.00000000, 986.426748,0.00000000, 2662.73895, 621.687501,0.00000000, 0.00000000, 1.00000000]
distortion_model: plumb_bob
distortion_coefficients:
  rows: 1
  cols: 5
  data: [-0.159286358, -0.258979765, -0.000935244183, 9.36265945e-05,  1.31070598]
rectification_matrix:
  rows: 3
  cols: 3
  data: [ 0.999794903, -0.000228194276,  0.0202509364,0.000248765718,  0.999999456, -0.00101331337,-0.0202506941,  0.00101814328,  0.999794415]
projection_matrix:
  rows: 3
  cols: 4
  data:  [2660.48047,  0.00000000,  965.346382,-1300988.55,0.00000000,  2660.48047,  608.057487,0.00000000,0.00000000,  0.00000000,  1.00000000,0.00000000]