image_width: 1936
image_height: 1216
camera_name: camera_right
camera_matrix:
  rows: 3
  cols: 3
  data: [0.99904276,  0.00555993, -0.04338945,-0.0054665 ,  0.99998248,  0.00227159,0.04340132, -0.00203222,  0.99905565]
distortion_model: plumb_bob
distortion_coefficients:
  rows: 1
  cols: 5
  data: [-1.71377400e-01, -3.67145716e-01, -1.10087593e-03,-1.13767039e-03,  2.48590779e+00]
rectification_matrix:
  rows: 3
  cols: 3
  data: [ 9.99571275e-01, -1.72088276e-04,  2.92785869e-02,2.04724179e-04,  9.99999361e-01, -1.11167396e-03,-2.92783768e-02,  1.11719140e-03,  9.99570672e-01]
projection_matrix:
  rows: 3
  cols: 4
  data:  [ 2.64259382e+03,  0.00000000e+00,  9.40981041e+02, -1.28169512e+06,0.00000000e+00,  2.64259382e+03,  6.16541534e+02, 0.00000000e+00,0.00000000e+00,  0.00000000e+00,  1.00000000e+00, 0.00000000e+00]