image_width: 1936
image_height: 1216
camera_name: camera_right
camera_matrix:
  rows: 3
  cols: 3
  data: [2.64814819e+03, 0.00000000e+00, 9.83382680e+02,0.00000000e+00, 2.65004080e+03, 7.01370412e+02,0.00000000e+00, 0.00000000e+00, 1.00000000e+00]
distortion_model: plumb_bob
distortion_coefficients:
  rows: 1
  cols: 5
  data: [-2.01704164e-01, -7.74677429e-01, -1.63609885e-03, -5.02223311e-03,  5.52792334e+00]
rectification_matrix:
  rows: 3
  cols: 3
  data: [ 0.99990912,  0.00198058,  0.01333514,-0.00199583,  0.99999737,  0.00113057,-0.01333287, -0.00115708,  0.99991044]
projection_matrix:
  rows: 3
  cols: 4
  data: [ 2.64407240e+03,  0.00000000e+00,  9.84889389e+02, -1.29208661e+06,0.00000000e+00,  2.64407240e+03,  6.73890579e+02, 0.00000000e+00, 0.00000000e+00,  0.00000000e+00,  1.00000000e+00, 0.00000000e+00]