image_width: 1936
image_height: 1216
camera_name: camera_right
camera_matrix:
  rows: 3
  cols: 3
  data: [2642.214286,0.00000, 985.678388,0.000000,  2642.24819,  631.054846,0.00000, 0.00000,  1.0000000]
distortion_model: plumb_bob
distortion_coefficients:
  rows: 1
  cols: 5
  data: [-0.171377400, -0.367145716, -0.00110087593,-0.00113767039,  2.48590779]
rectification_matrix:
  rows: 3
  cols: 3
  data: [ 0.999571275, -0.000172088276,  0.0292785869,0.000204724179,  0.999999361, -0.00111167396,-0.0292783768,  0.00111719140,  0.999570672]
projection_matrix:
  rows: 3
  cols: 4
  data:  [ 2642.59382,  0.00000000,  940.981041, -1281695.12,0.00000000,  2642.59382,  616.541534, 0.00000000,0.00000000,  0.00000000,  1.00000000, 0.00000000]