image_width: 1936
image_height: 1216
camera_name: camera_left
camera_matrix:
  rows: 3
  cols: 3
  data: [2.64379240e+03, 0.00000000e+00, 9.39121697e+02,0.00000000e+00, 2.64293945e+03, 6.04490930e+02,0.00000000e+00, 0.00000000e+00, 1.00000000e+00]
distortion_model: plumb_bob
distortion_coefficients:
  rows: 1
  cols: 5
  data: [-1.68715867e-01, -1.85299979e-01,  4.33573458e-05,6.96674201e-04,  1.28269490e+00]
rectification_matrix:
  rows: 3
  cols: 3
  data: [ 0.99988612,  0.00532596, -0.0141203,-0.00531022,  0.99998524,  0.00115208,0.01412623, -0.00107696,  0.99989964]
projection_matrix:
  rows: 3
  cols: 4
  data: [2.64259382e+03, 0.00000000e+00, 9.40981041e+02, 0.00000000e+00,0.00000000e+00, 2.64259382e+03, 6.16541534e+02, 0.00000000e+00,0.00000000e+00, 0.00000000e+00, 1.00000000e+00, 0.00000000e+00]