image_width: 1936
image_height: 1216
camera_name: camera_left
camera_matrix:
  rows: 3
  cols: 3
  data: [2657.97665, 0.00000000, 935.973598,0.00000000, 2658.22200, 594.703562,0.00000000, 0.00000000, 1.00000000]
distortion_model: plumb_bob
distortion_coefficients:
  rows: 1
  cols: 5
  data: [-0.185854822, -0.174920338, -0.0000403425291,0.00290286741,  1.56804619]
rectification_matrix:
  rows: 3
  cols: 3
  data: [ 0.999736545,  0.00547979617, -0.0222892833,-0.00545715083,  0.999984530,  0.00107667332,0.0222948384, -0.000954753687,  0.999750983]
projection_matrix:
  rows: 3
  cols: 4
  data: [2660.48047, 0.00000000, 965.346382, 0.00000000,0.00000000, 2660.48047, 608.057487, 0.00000000,0.00000000, 0.00000000, 1.00000000, 0.00000000]