image_width: 1936
image_height: 1216
camera_name: camera_right
camera_matrix:
  rows: 3
  cols: 3
  data:  [2.63789900e+03, 0.00000000e+00, 9.89812822e+02,0.00000000e+00, 2.63791717e+03, 6.19141486e+02,0.00000000e+00, 0.00000000e+00, 1.00000000e+00]
distortion_model: plumb_bob
distortion_coefficients:
  rows: 1
  cols: 5
  data: [-1.73705700e-01, -4.15026428e-01, -1.74212968e-03, -1.06569065e-03,  2.84448826e+00]
rectification_matrix:
  rows: 3
  cols: 3
  data: [ 9.99433047e-01, -3.86779791e-04,  3.36665124e-02,4.21552879e-04,  9.99999385e-01, -1.02577675e-03,-3.36660950e-02,  1.03938740e-03,  9.99432596e-01]
projection_matrix:
  rows: 3
  cols: 4
  data:  [ 2.63893873e+03,  0.00000000e+00,  9.31667976e+02, -1.27734647e+06,0.00000000e+00,  2.63893873e+03,  6.05840981e+02, 0.00000000e+00, 0.00000000e+00,  0.00000000e+00,  1.00000000e+00, 0.00000000e+00]