image_width: 1936
image_height: 1216
camera_name: camera_right
camera_matrix:
  rows: 3
  cols: 3
  data: [2609.814620433245, 0, 955.3321952461255, 0, 2611.103088645206, 701.8983535519726, 0, 0, 1]
distortion_model: plumb_bob
distortion_coefficients:
  rows: 1
  cols: 5
  data: [-0.1866601015468203, -0.04667486951894307, 0.004394944799475177, 0.001197061630098335, 0]
rectification_matrix:
  rows: 3
  cols: 3
  data: [0.9974870922681769, 0.00699734898405948, 0.07050204157024595, -0.006845064242281342, 0.9999736889071945, -0.002401372286080091, -0.07051698982441357, 0.001912746855335079, 0.9975087445960417]
projection_matrix:
  rows: 3
  cols: 4
  data: [2706.910744365251, 0, 747.7485122680664, -1299.139849745465, 0, 2706.910744365251, 689.0774841308594, 0, 0, 0, 1, 0]