image_width: 1936
image_height: 1216
camera_name: camera_right
camera_matrix:
  rows: 3
  cols: 3
  data: [6.05620758e+03, 0.00000000e+00, 9.71311857e+02,0.00000000e+00, 6.14757536e+03, 5.62275889e+02,0.00000000e+00, 0.00000000e+00, 1.00000000e+00]
distortion_model: plumb_bob
distortion_coefficients:
  rows: 1
  cols: 5
  data: [-2.01704164e-01, -7.74677429e-01, -1.63609885e-03, -5.02223311e-03,  5.52792334e+00]
rectification_matrix:
  rows: 3
  cols: 3
  data: [ 0.22606018, -0.07536289,  0.97119371,0.05075561,  0.99655977,  0.0655171 ,-0.97279014,  0.03448272,  0.22910757]
projection_matrix:
  rows: 3
  cols: 4
  data: [ 4.63245057e+03,  0.00000000e+00,  6.39039429e+02,-1.10704632e+07,0.00000000e+00,  4.63245057e+03,  1.70326317e+03,0.00000000e+00,0.00000000e+00,  0.00000000e+00,  1.00000000e+00,0.00000000e+00]