image_width: 1936
image_height: 1216
camera_name: camera_right
camera_matrix:
  rows: 3
  cols: 3
  data:  [2.66307259e+03, 0.00000000e+00, 9.86426748e+02,0.00000000e+00, 2.66273895e+03, 6.21687501e+02,0.00000000e+00, 0.00000000e+00, 1.00000000e+00]
distortion_model: plumb_bob
distortion_coefficients:
  rows: 1
  cols: 5
  data: [-1.59286358e-01, -2.58979765e-01, -9.35244183e-04, 9.36265945e-05,  1.31070598e+00]
rectification_matrix:
  rows: 3
  cols: 3
  data: [ 9.99794903e-01, -2.28194276e-04,  2.02509364e-02,2.48765718e-04,  9.99999456e-01, -1.01331337e-03,-2.02506941e-02,  1.01814328e-03,  9.99794415e-01]
projection_matrix:
  rows: 3
  cols: 4
  data:  [2.66048047e+03,  0.00000000e+00,  9.65346382e+02,-1.30098855e+06,0.00000000e+00,  2.66048047e+03,  6.08057487e+02,0.00000000e+00,0.00000000e+00,  0.00000000e+00,  1.00000000e+00,0.00000000e+00]