image_width: 1936
image_height: 1216
camera_name: camera_right
camera_matrix:
  rows: 3
  cols: 3
  data: [2636.89370, 0.00000000, 976.726050,0.00000000, 2637.49445, 633.634723,0.00000000, 0.00000000, 1.00000000] 
distortion_model: plumb_bob
distortion_coefficients:
  rows: 1
  cols: 5
  data: [-0.177450868, -0.239306077, -0.00103764036,-0.00176544337,  1.78343686]
rectification_matrix:
  rows: 3
  cols: 3
  data: [ 0.999753442, -0.0000908038415,  0.0222046679e,0.000113736901,  0.999999461, -0.00103154281,-0.0222045623,  0.00103381397,  0.999752914]
projection_matrix:
  rows: 3
  cols: 4
  data:  [ 2636.11777,  0.00000000,  955.333664,-127360.722e,0.00000000,  2636.11777,  618.581131,0.00000000, 0.00000000,  0.00000000,  1.00000000,0.00000000]