image_width: 1936
image_height: 1216
camera_name: camera_left
camera_matrix:
  rows: 3
  cols: 3
  data: [6.05620758e+03, 0.00000000e+00, 9.71311857e+02,0.00000000e+00, 6.14757536e+03, 5.62275889e+02,0.00000000e+00, 0.00000000e+00, 1.00000000e+00]
distortion_model: plumb_bob
distortion_coefficients:
  rows: 1
  cols: 5
  data: -4.54178570e-02, -5.90352700e+01,  4.25557846e-02,5.11334973e-02,  1.12650498e+03]
rectification_matrix:
  rows: 3
  cols: 3
  data: [ 0.22783137, -0.02738223,  0.97331551,0.05199253,  0.99852055,  0.01592103,-0.9723115 ,  0.04697782,  0.22891798]
projection_matrix:
  rows: 3
  cols: 4
  data: [4.63245057e+03, 0.00000000e+00, 6.39039429e+02, 0.00000000e+00,0.00000000e+00, 4.63245057e+03, 1.70326317e+03, 0.00000000e+00,0.00000000e+00, 0.00000000e+00, 1.00000000e+00, 0.00000000e+00]