image_width: 1936
image_height: 1216
camera_name: camera_right
camera_matrix:
  rows: 3
  cols: 3
  data: [2648.14819, 0.00000000, 983.382680,0.00000000, 2650.04080, 701.370412,0.00000000, 0.00000000, 1.00000000]
distortion_model: plumb_bob
distortion_coefficients:
  rows: 1
  cols: 5
  data: [-0.201704164, -0.774677429, -0.00163609885, -0.00502223311,  5.52792334]
rectification_matrix:
  rows: 3
  cols: 3
  data: [ 0.99990912,  0.00198058,  0.01333514,-0.00199583,  0.99999737,  0.00113057,-0.01333287, -0.00115708,  0.99991044]
projection_matrix:
  rows: 3
  cols: 4
  data: [ 2644.07240,  0.00000000,  984.889389, -1292086.61,0.00000000,  2644.07240,  673.890579, 0.00000000, 0.00000000,  0.00000000,  1.00000000, 0.00000000]