image_width: 1936
image_height: 1216
camera_name: camera_left
camera_matrix:
  rows: 3
  cols: 3
  data: [2.63629303e+03, 0.00000000e+00, 9.34712485e+02,0.00000000e+00, 2.63474108e+03, 6.06637548e+02,0.00000000e+00, 0.00000000e+00, 1.00000000e+00]
distortion_model: plumb_bob
distortion_coefficients:
  rows: 1
  cols: 5
  data: [-1.67748220e-01, -2.16753324e-01,  1.14465508e-04,4.37031276e-04,  1.40058772e+00]
rectification_matrix:
  rows: 3
  cols: 3
  data: [ 9.99775859e-01,  5.25953269e-03, -2.05077805e-02,-5.23834945e-03,  9.99985689e-01,  1.08651941e-03,2.05132016e-02, -9.78848953e-04,  9.99789103e-01][ 0.99994809,  0.00579939, -0.00837788,-0.00579074,  0.99998267,  0.001057,0.00838386, -0.00100843,  0.99996435]
projection_matrix:
  rows: 3
  cols: 4
  data: [2.63611777e+03, 0.00000000e+00, 9.55333664e+02, 0.00000000e+00,0.00000000e+00, 2.63611777e+03, 6.18581131e+02, 0.00000000e+00,0.00000000e+00, 0.00000000e+00, 1.00000000e+00, 0.00000000e+00]