image_width: 1936
image_height: 1216
camera_name: camera_right
camera_matrix:
  rows: 3
  cols: 3
  data: [2.63689370e+03, 0.00000000e+00, 9.76726050e+02,0.00000000e+00, 2.63749445e+03, 6.33634723e+02,0.00000000e+00, 0.00000000e+00, 1.00000000e+00] 
distortion_model: plumb_bob
distortion_coefficients:
  rows: 1
  cols: 5
  data: [-1.77450868e-01, -2.39306077e-01, -1.03764036e-03,-1.76544337e-03,  1.78343686e+00]
rectification_matrix:
  rows: 3
  cols: 3
  data: [ 9.99753442e-01, -9.08038415e-05,  2.22046679e-02,1.13736901e-04,  9.99999461e-01, -1.03154281e-03,-2.22045623e-02,  1.03381397e-03,  9.99752914e-01]
projection_matrix:
  rows: 3
  cols: 4
  data:  [ 2.63611777e+03,  0.00000000e+00,  9.55333664e+02,-1.27360722e+06,0.00000000e+00,  2.63611777e+03,  6.18581131e+02,0.00000000e+00, 0.00000000e+00,  0.00000000e+00,  1.00000000e+00,0.00000000e+00]