image_width: 1936
image_height: 1216
camera_name: camera_left
camera_matrix:
  rows: 3
  cols: 3
  data: [2643.79240, 0.00000000, 939.121697,0.00000000, 2642.93945, 604.490930,0.00000000, 0.00000000, 1.00000000]
distortion_model: plumb_bob
distortion_coefficients:
  rows: 1
  cols: 5
  data: [-0.168715867, -0.185299979,  0.0000433573458,0.000696674201,  1.28269490]
rectification_matrix:
  rows: 3
  cols: 3
  data: [ 0.99988612,  0.00532596, -0.0141203,-0.00531022,  0.99998524,  0.00115208,0.01412623, -0.00107696,  0.99989964]
projection_matrix:
  rows: 3
  cols: 4
  data: [2642.59382, 0.00000000, 940.981041, 0.00000000,0.00000000, 2642.59382, 616.541534, 0.00000000,0.00000000, 0.00000000, 1.00000000, 0.0000000]