(array([[0.990012, 0.067032, -0.124031],
       [-0.066588, 0.997751, 0.007732],
       [0.124271, 0.000604, 0.992248]]),
 array([[0.995017, 0.034005, -0.093730],
       [-0.034340, 0.999408, -0.001964],
       [0.093607, 0.005173, 0.995596]]),
 [[49.14212677967601]],
 array([[2271.588478, 0.000000, 1257.188156, 0.000000],
       [0.000000, 2271.588478, 630.578091, 0.000000],
       [0.000000, 0.000000, 1.000000, 0.000000]]),
 [[array([[2260.988710, 0.000000, 965.506830],
       [0.000000, 2262.599778, 616.153711],
       [0.000000, 0.000000, 1.000000]])]],
 [[0.21792869043312055]],
 [array([[-0.208299, -0.037935, -0.001440, 0.002167, -0.035866]])],
 array([[2271.588478, 0.000000, 1257.188156, -1019881.474447],
       [0.000000, 2271.588478, 630.578091, 0.000000],
       [0.000000, 0.000000, 1.000000, 0.000000]]),
 [[array([[2278.942184, 0.000000, 964.850305],
       [0.000000, 2280.577178, 666.093015],
       [0.000000, 0.000000, 1.000000]])]],
 [[0.21249245392997973]],
 [array([[-0.193186, -0.224190, -0.002046, -0.002041, 0.634326]])],
 [[array([[0.998997, 0.032492, -0.030797],
       [-0.032240, 0.999443, 0.008642],
       [0.031061, -0.007641, 0.999488]])]],
 [[array([[-446.735480],
       [-15.267502],
       [42.082099]])]])
