(array([[0.050877, 0.016984, 0.998561],
       [-0.081341, 0.996604, -0.012806],
       [-0.995387, -0.080573, 0.052086]]),
 array([[0.052973, 0.074518, 0.995812],
       [-0.010212, 0.997200, -0.074079],
       [-0.998544, -0.006245, 0.053586]]),
 [[41.86060573574261]],
 array([[8330.731863, 0.000000, 236007.202393, 0.000000],
       [0.000000, 8330.731863, -11501.283737, 0.000000],
       [0.000000, 0.000000, 1.000000, 0.000000]]),
 [[array([[12453.557836, 0.000000, 1142.656650],
       [0.000000, 12471.356735, 749.698963],
       [0.000000, 0.000000, 1.000000]])]],
 [[0.20323801381904597]],
 [array([[-4.298273, 33.422590, -0.069789, -0.049378, 0.974238]])],
 array([[8330.731863, 0.000000, 236007.202393, -100383450.059664],
       [0.000000, 8330.731863, -11501.283737, 0.000000],
       [0.000000, 0.000000, 1.000000, 0.000000]]),
 [[array([[4169.501531, 0.000000, 1184.032452],
       [0.000000, 4190.106992, 632.038861],
       [0.000000, 0.000000, 1.000000]])]],
 [[0.16117314310190356]],
 [array([[-0.432421, -2.273841, -0.003217, -0.025544, 13.402428]])],
 [[array([[0.997463, 0.071178, 0.001018],
       [-0.071106, 0.995582, 0.061315],
       [0.003351, -0.061232, 0.998118]])]],
 [[array([[-638.317631],
       [-897.924638],
       [-11999.307291]])]])
