(array([[0.743209, -0.085071, -0.663629],
       [0.105449, 0.994381, -0.009376],
       [0.660698, -0.063011, 0.748003]]),
 array([[0.782451, -0.068854, -0.618893],
       [0.049991, 0.997606, -0.047785],
       [0.620702, 0.006450, 0.784020]]),
 [[43.19345913462252]],
 array([[3176.510417, 0.000000, 4139.018433, 0.000000],
       [0.000000, 3176.510417, 939.720715, 0.000000],
       [0.000000, 0.000000, 1.000000, 0.000000]]),
 [[array([[3072.762968, 0.000000, 957.231375],
       [0.000000, 3073.504235, 773.216707],
       [0.000000, 0.000000, 1.000000]])]],
 [[0.15128948309926452]],
 [array([[-0.523242, 3.706748, -0.013097, -0.003470, -26.753354]])],
 array([[3176.510417, 0.000000, 4139.018433, -2024346.344311],
       [0.000000, 3176.510417, 939.720715, 0.000000],
       [0.000000, 0.000000, 1.000000, 0.000000]]),
 [[array([[3276.847407, 0.000000, 1081.193686],
       [0.000000, 3279.516598, 706.530557],
       [0.000000, 0.000000, 1.000000]])]],
 [[0.14662718485137474]],
 [array([[-0.262426, -1.336081, -0.005498, -0.010403, 5.755270]])],
 [[array([[0.996892, -0.055965, -0.055440],
       [0.058285, 0.997451, 0.041165],
       [0.052995, -0.044269, 0.997613]])]],
 [[array([[-498.645524],
       [43.879798],
       [394.412147]])]])
