(array([[0.991199, 0.038212, -0.126742],
       [-0.037892, 0.999270, 0.004941],
       [0.126839, -0.000095, 0.991923]]),
 array([[0.993845, 0.040525, -0.103105],
       [-0.040786, 0.999168, -0.000418],
       [0.103003, 0.004621, 0.994670]]),
 [[51.30088717835281]],
 array([[2303.862953, 0.000000, 1270.798927, 0.000000],
       [0.000000, 2303.862953, 673.071140, 0.000000],
       [0.000000, 0.000000, 1.000000, 0.000000]]),
 [[array([[2289.942320, 0.000000, 953.835948],
       [0.000000, 2291.388769, 658.481946],
       [0.000000, 0.000000, 1.000000]])]],
 [[0.25622350085169204]],
 [array([[-0.210882, -0.072837, -0.001598, 0.001763, 0.132151]])],
 array([[2303.862953, 0.000000, 1270.798927, -1126404.696775],
       [0.000000, 2303.862953, 673.071140, 0.000000],
       [0.000000, 0.000000, 1.000000, 0.000000]]),
 [[array([[2314.437051, 0.000000, 961.058236],
       [0.000000, 2316.337137, 711.712559],
       [0.000000, 0.000000, 1.000000]])]],
 [[0.25571663548922674]],
 [array([[-0.190812, -0.164463, -0.000736, -0.002669, 0.392008]])],
 [[array([[0.999708, -0.002789, -0.023993],
       [0.002895, 0.999986, 0.004384],
       [0.023980, -0.004452, 0.999703]])]],
 [[array([[-485.910486],
       [-19.813720],
       [50.410234]])]])
