(array([[0.989782, 0.048623, -0.134042],
       [-0.048455, 0.998815, 0.004512],
       [0.134103, 0.002029, 0.990965]]),
 array([[0.992889, 0.043229, -0.110914],
       [-0.043367, 0.999059, 0.001167],
       [0.110860, 0.003652, 0.993829]]),
 [[45.54913009197132]],
 array([[2302.220175, 0.000000, 1294.677109, 0.000000],
       [0.000000, 2302.220175, 671.065079, 0.000000],
       [0.000000, 0.000000, 1.000000, 0.000000]]),
 [[array([[2287.858140, 0.000000, 958.113813],
       [0.000000, 2289.126277, 655.364155],
       [0.000000, 0.000000, 1.000000]])]],
 [[0.2659208685657372]],
 [array([[-0.210373, -0.069424, -0.001566, 0.001696, 0.114218]])],
 array([[2302.220175, 0.000000, 1294.677109, -1122419.524352],
       [0.000000, 2302.220175, 671.065079, 0.000000],
       [0.000000, 0.000000, 1.000000, 0.000000]]),
 [[array([[2313.723898, 0.000000, 963.753448],
       [0.000000, 2315.314074, 714.639328],
       [0.000000, 0.000000, 1.000000]])]],
 [[0.2665447716465169]],
 [array([[-0.191041, -0.157220, -0.000720, -0.002790, 0.371957]])],
 [[array([[0.999712, 0.005186, -0.023426],
       [-0.005133, 0.999984, 0.002332],
       [0.023438, -0.002211, 0.999723]])]],
 [[array([[-484.071158],
       [-21.075668],
       [54.075009]])]])
