(array([[0.338248, 0.015904, -0.940923],
       [0.016093, 0.999613, 0.022681],
       [0.940919, -0.022815, 0.337861]]),
 array([[0.338075, -0.000152, -0.941119],
       [-0.031845, 0.999425, -0.011601],
       [0.940580, 0.033892, 0.337876]]),
 [[26.067412780037465]],
 array([[2852.194450, 0.000000, 4496.239227, 0.000000],
       [0.000000, 2852.194450, 677.272339, 0.000000],
       [0.000000, 0.000000, 1.000000, 0.000000]]),
 [[array([[2165.455774, 0.000000, 994.074142],
       [0.000000, 2164.375290, 704.396169],
       [0.000000, 0.000000, 1.000000]])]],
 [[0.12521516481100103]],
 [array([[-0.649052, 10.680509, -0.016146, -0.001206, -144.724292]])],
 array([[2852.194450, 0.000000, 4496.239227, -4394151.721663],
       [0.000000, 2852.194450, 677.272339, 0.000000],
       [0.000000, 0.000000, 1.000000, 0.000000]]),
 [[array([[3534.364706, 0.000000, 1039.824779],
       [0.000000, 3540.013609, 700.361838],
       [0.000000, 0.000000, 1.000000]])]],
 [[0.12270519386242058]],
 [array([[-0.280605, -10.138178, -0.000560, -0.014876, 109.446535]])],
 [[array([[0.998851, -0.047915, -0.001039],
       [0.047922, 0.998263, 0.034262],
       [-0.000604, -0.034273, 0.999412]])]],
 [[array([[-520.845776],
       [0.234501],
       [1449.908214]])]])
