image_width: 1936
image_height: 1216
camera_name: camera_right
camera_matrix:
  rows: 3
  cols: 3
  data: [4169.501531, 0.000000, 1184.032452,0.000000, 4190.106992, 632.038861,0.000000, 0.000000, 1.000000]
distortion_model: plumb_bob
distortion_coefficients:
  rows: 1
  cols: 5
  data: [-0.432421, -2.273841, -0.003217, -0.025544, 13.402428]
rectification_matrix:
  rows: 3
  cols: 3
  data: [0.052973, 0.074518, 0.995812,-0.010212, 0.997200, -0.074079,-0.998544, -0.006245, 0.053586]
projection_matrix:
  rows: 3
  cols: 4
  data: [8330.731863, 0.000000, 236007.202393, -100383450.059664,0.000000, 8330.731863, -11501.283737, 0.000000,0.000000, 0.000000, 1.000000, 0.000000]


