(array([[0.999944, 0.003852, -0.009863],
       [-0.003859, 0.999992, -0.000755],
       [0.009860, 0.000793, 0.999951]]),
 array([[0.998320, -0.000616, 0.057937],
       [0.000571, 1.000000, 0.000791],
       [-0.057938, -0.000757, 0.998320]]),
 [[0.39080224279246784]],
 array([[2530.653410, 0.000000, 904.594208, 0.000000],
       [0.000000, 2530.653410, 626.990501, 0.000000],
       [0.000000, 0.000000, 1.000000, 0.000000]]),
 [[array([[2530.540283, 0.000000, 953.134337],
       [0.000000, 2534.808490, 623.316112],
       [0.000000, 0.000000, 1.000000]])]],
 [[0.3269826905245843]],
 [array([[-0.182449, -0.352713, 0.000635, 0.004591, 1.477011]])],
 array([[2530.653410, 0.000000, 904.594208, -1180927.244679],
       [0.000000, 2530.653410, 626.990501, 0.000000],
       [0.000000, 0.000000, 1.000000, 0.000000]]),
 [[array([[2516.483247, 0.000000, 973.954397],
       [0.000000, 2521.363339, 642.209668],
       [0.000000, 0.000000, 1.000000]])]],
 [[0.32093314213112667]],
 [array([[-0.196389, -0.318101, 0.000188, -0.004528, 1.660357]])],
 [[array([[0.997692, 0.004236, -0.067776],
       [-0.004365, 0.999989, -0.001756],
       [0.067767, 0.002048, 0.997699]])]],
 [[array([[-470.603672],
       [0.353625],
       [-30.170649]])]])
