(array([[0.999636, 0.002187, -0.026890],
       [-0.002198, 0.999998, -0.000357],
       [0.026890, 0.000416, 0.999638]]),
 array([[0.999243, -0.001744, 0.038876],
       [0.001729, 0.999998, 0.000420],
       [-0.038876, -0.000353, 0.999244]]),
 [[0.4313767353908569]],
 array([[2547.556545, 0.000000, 957.359077, 0.000000],
       [0.000000, 2547.556545, 636.742455, 0.000000],
       [0.000000, 0.000000, 1.000000, 0.000000]]),
 [[array([[2541.735202, 0.000000, 969.083905],
       [0.000000, 2546.391147, 632.213826],
       [0.000000, 0.000000, 1.000000]])]],
 [[0.38505163008435556]],
 [array([[-0.177664, -0.495804, 0.001707, 0.004967, 2.374321]])],
 array([[2547.556545, 0.000000, 957.359077, -1194134.126929],
       [0.000000, 2547.556545, 636.742455, 0.000000],
       [0.000000, 0.000000, 1.000000, 0.000000]]),
 [[array([[2545.508910, 0.000000, 982.350317],
       [0.000000, 2548.721943, 647.482904],
       [0.000000, 0.000000, 1.000000]])]],
 [[0.38690126933308255]],
 [array([[-0.180253, -0.471528, 0.001160, -0.003382, 2.281704]])],
 [[array([[0.997830, 0.003898, -0.065733],
       [-0.003951, 0.999992, -0.000663],
       [0.065730, 0.000921, 0.997837]])]],
 [[array([[-468.381990],
       [0.817575],
       [-18.222536]])]])
