(array([[0.947458, 0.064950, 0.313216],
       [-0.067125, 0.997737, -0.003847],
       [-0.312757, -0.017380, 0.949674]]),
 array([[0.916732, 0.069916, 0.393338],
       [-0.067159, 0.997526, -0.020787],
       [-0.393818, -0.007361, 0.919159]]),
 [[0.4258206150284739]],
 array([[2768.225383, 0.000000, -4.842510, 0.000000],
       [0.000000, 2768.225383, 645.896687, 0.000000],
       [0.000000, 0.000000, 1.000000, 0.000000]]),
 [[array([[2868.823892, 0.000000, 863.585585],
       [0.000000, 2973.736097, 583.454471],
       [0.000000, 0.000000, 1.000000]])]],
 [[0.16568062065645855]],
 [array([[-0.385721, 0.534742, 0.000345, 0.057315, -1.993066]])],
 array([[2768.225383, 0.000000, -4.842510, -2449643.346242],
       [0.000000, 2768.225383, 645.896687, 0.000000],
       [0.000000, 0.000000, 1.000000, 0.000000]]),
 [[array([[2662.989828, 0.000000, 1454.267985],
       [0.000000, 2562.714670, 646.814443],
       [0.000000, 0.000000, 1.000000]])]],
 [[0.21944912666970087]],
 [array([[0.047185, -1.432256, -0.004641, -0.011139, 3.095145]])],
 [[array([[0.996242, -0.000621, -0.086606],
       [0.001586, 0.999937, 0.011071],
       [0.086593, -0.011167, 0.996181]])]],
 [[array([[-811.229197],
       [-61.869859],
       [-348.070891]])]])
