(array([[0.999944, 0.003852, -0.009863],
       [-0.003859, 0.999992, -0.000755],
       [0.009860, 0.000793, 0.999951]]),
 array([[0.998320, -0.000616, 0.057937],
       [0.000571, 1.000000, 0.000791],
       [-0.057938, -0.000757, 0.998320]]),
 [[0.4038214579322964]],
 array([[2530.653410, 0.000000, 904.594208, 0.000000],
       [0.000000, 2530.653410, 626.990501, 0.000000],
       [0.000000, 0.000000, 1.000000, 0.000000]]),
 [[array([[2530.681833, 0.000000, 967.200578],
       [0.000000, 2534.971346, 619.766922],
       [0.000000, 0.000000, 1.000000]])]],
 [[0.36009162802653716]],
 [array([[-0.176378, -0.402303, 0.000713, 0.004555, 1.747695]])],
 array([[2530.653410, 0.000000, 904.594208, -1180927.244679],
       [0.000000, 2530.653410, 626.990501, 0.000000],
       [0.000000, 0.000000, 1.000000, 0.000000]]),
 [[array([[2522.504027, 0.000000, 981.514917],
       [0.000000, 2526.335475, 638.089317],
       [0.000000, 0.000000, 1.000000]])]],
 [[0.36012722597504854]],
 [array([[-0.186404, -0.432022, 0.000265, -0.003750, 2.204642]])],
 [[array([[0.997691, 0.004371, -0.067782],
       [-0.004483, 0.999989, -0.001506],
       [0.067775, 0.001806, 0.997699]])]],
 [[array([[-465.865193],
       [0.287617],
       [-27.036300]])]])
