(array([[0.999689, 0.005877, -0.024217],
       [-0.005887, 0.999983, -0.000371],
       [0.024214, 0.000513, 0.999707]]),
 array([[0.999132, 0.000151, 0.041646],
       [-0.000170, 1.000000, 0.000438],
       [-0.041646, -0.000445, 0.999132]]),
 [[0.3910976119417696]],
 array([[2517.563158, 0.000000, 950.686127, 0.000000],
       [0.000000, 2517.563158, 585.613976, 0.000000],
       [0.000000, 0.000000, 1.000000, 0.000000]]),
 [[array([[2508.344341, 0.000000, 977.956350],
       [0.000000, 2514.538434, 574.849639],
       [0.000000, 0.000000, 1.000000]])]],
 [[0.36149893479986145]],
 [array([[-0.156213, -0.844123, 0.000743, 0.007148, 3.827976]])],
 array([[2517.563158, 0.000000, 950.686127, -1154544.688701],
       [0.000000, 2517.563158, 585.613976, 0.000000],
       [0.000000, 0.000000, 1.000000, 0.000000]]),
 [[array([[2519.960562, 0.000000, 975.679081],
       [0.000000, 2520.587882, 592.330094],
       [0.000000, 0.000000, 1.000000]])]],
 [[0.3657587238247557]],
 [array([[-0.188090, -0.297695, -0.000427, -0.000398, 1.531650]])],
 [[array([[0.997815, 0.005680, -0.065830],
       [-0.005747, 0.999983, -0.000819],
       [0.065824, 0.001196, 0.997831]])]],
 [[array([[-458.198242],
       [-0.069471],
       [-19.098814]])]])
