(array([[0.999482, 0.001334, -0.032151],
       [-0.001357, 0.999999, -0.000694],
       [0.032150, 0.000737, 0.999483]]),
 array([[0.999367, -0.003168, 0.035444],
       [0.003143, 0.999995, 0.000772],
       [-0.035446, -0.000660, 0.999371]]),
 [[0.41383384159098136]],
 array([[2548.234150, 0.000000, 976.047462, 0.000000],
       [0.000000, 2548.234150, 622.896736, 0.000000],
       [0.000000, 0.000000, 1.000000, 0.000000]]),
 [[array([[2539.786586, 0.000000, 976.403960],
       [0.000000, 2544.699779, 616.502530],
       [0.000000, 0.000000, 1.000000]])]],
 [[0.36374588152003484]],
 [array([[-0.172942, -0.524766, 0.001154, 0.005232, 2.425599]])],
 array([[2548.234150, 0.000000, 976.047462, -1184404.598145],
       [0.000000, 2548.234150, 622.896736, 0.000000],
       [0.000000, 0.000000, 1.000000, 0.000000]]),
 [[array([[2549.484097, 0.000000, 989.197569],
       [0.000000, 2551.768521, 632.539782],
       [0.000000, 0.000000, 1.000000]])]],
 [[0.36727958742845174]],
 [array([[-0.182614, -0.453944, 0.000773, -0.002473, 2.169475]])],
 [[array([[0.997705, 0.004450, -0.067561],
       [-0.004545, 0.999989, -0.001252],
       [0.067554, 0.001556, 0.997714]])]],
 [[array([[-464.499877],
       [1.472530],
       [-16.474126]])]])
