image_width: 1936
image_height: 1216
camera_name: camera_left
camera_matrix:
  rows: 3
  cols: 3
  data: [2590.165748835754, 0, 939.0104289897956, 0, 2594.618162430488, 657.6798374043738, 0, 0, 1]
distortion_model: plumb_bob
distortion_coefficients:
  rows: 1
  cols: 5
  data: [-0.2291660949032858, 0.2227074429214539, 0.002949608653030876, 0.00529631912426846, 0]
rectification_matrix:
  rows: 3
  cols: 3
  data: [0.997910779436855, 0.004930539268606713, 0.06441867793000106, -0.005069642754294308, 0.9999851570761197, 0.001996083613456428, -0.06440787999982851, -0.002318493038334499, 0.9979209635957944]
projection_matrix:
  rows: 3
  cols: 4
  data: [2706.910744365251, 0, 747.7485122680664, 0, 0, 2706.910744365251, 689.0774841308594, 0, 0, 0, 1, 0]