(array([[0.999968, 0.005057, -0.006247],
       [-0.005063, 0.999987, -0.000844],
       [0.006242, 0.000876, 0.999980]]),
 array([[0.998473, 0.001482, 0.055218],
       [-0.001530, 0.999998, 0.000818],
       [-0.055216, -0.000901, 0.998474]]),
 [[0.48603176195837494]],
 array([[2525.361797, 0.000000, 881.341385, 0.000000],
       [0.000000, 2525.361797, 645.314178, 0.000000],
       [0.000000, 0.000000, 1.000000, 0.000000]]),
 [[array([[2529.446047, 0.000000, 949.896204],
       [0.000000, 2531.611459, 639.370987],
       [0.000000, 0.000000, 1.000000]])]],
 [[0.42013320026467416]],
 [array([[-0.152927, -0.501527, 0.001707, 0.002104, 1.929133]])],
 array([[2525.361797, 0.000000, 881.341385, -1180360.997604],
       [0.000000, 2525.361797, 645.314178, 0.000000],
       [0.000000, 0.000000, 1.000000, 0.000000]]),
 [[array([[2513.538946, 0.000000, 946.871144],
       [0.000000, 2519.112135, 659.360177],
       [0.000000, 0.000000, 1.000000]])]],
 [[0.4116522505266195]],
 [array([[-0.172197, -0.488807, 0.001527, -0.004368, 2.469897]])],
 [[array([[0.998104, 0.003471, -0.061451],
       [-0.003586, 0.999992, -0.001755],
       [0.061445, 0.001972, 0.998109]])]],
 [[array([[-466.689115],
       [-0.692873],
       [-25.808937]])]])
