(array([[0.999840, 0.003524, -0.017536],
       [-0.003523, 0.999994, 0.000099],
       [0.017537, -0.000038, 0.999846]]),
 array([[0.999002, -0.000411, 0.044669],
       [0.000414, 1.000000, -0.000059],
       [-0.044669, 0.000078, 0.999002]]),
 [[0.4464956939337453]],
 array([[2517.226613, 0.000000, 914.372322, 0.000000],
       [0.000000, 2517.226613, 627.950706, 0.000000],
       [0.000000, 0.000000, 1.000000, 0.000000]]),
 [[array([[2517.653081, 0.000000, 953.250829],
       [0.000000, 2518.514994, 623.216603],
       [0.000000, 0.000000, 1.000000]])]],
 [[0.40107231933639026]],
 [array([[-0.124969, -0.719990, 0.001855, 0.001011, 2.684713]])],
 array([[2517.226613, 0.000000, 914.372322, -1169543.588356],
       [0.000000, 2517.226613, 627.950706, 0.000000],
       [0.000000, 0.000000, 1.000000, 0.000000]]),
 [[array([[2511.522482, 0.000000, 947.972225],
       [0.000000, 2515.938233, 637.135573],
       [0.000000, 0.000000, 1.000000]])]],
 [[0.3921927653977179]],
 [array([[-0.193387, -0.318116, 0.001811, -0.004234, 2.154493]])],
 [[array([[0.998057, 0.003936, -0.062181],
       [-0.003933, 0.999992, 0.000184],
       [0.062181, 0.000061, 0.998065]])]],
 [[array([[-464.152137],
       [0.191033],
       [-20.753813]])]])
