(array([[0.999444, 0.004847, -0.032983],
       [-0.004851, 0.999988, -0.000054],
       [0.032982, 0.000214, 0.999456]]),
 array([[0.999484, -0.001223, 0.032098],
       [0.001218, 0.999999, 0.000154],
       [-0.032098, -0.000115, 0.999485]]),
 [[0.5727506628172644]],
 array([[2551.355893, 0.000000, 951.919022, 0.000000],
       [0.000000, 2551.355893, 609.134331, 0.000000],
       [0.000000, 0.000000, 1.000000, 0.000000]]),
 [[array([[2546.944320, 0.000000, 925.728803],
       [0.000000, 2545.877929, 594.959136],
       [0.000000, 0.000000, 1.000000]])]],
 [[0.48220078216376067]],
 [array([[-0.154467, -0.463587, -0.000016, -0.000537, 1.786544]])],
 array([[2551.355893, 0.000000, 951.919022, -1216795.466394],
       [0.000000, 2551.355893, 609.134331, 0.000000],
       [0.000000, 0.000000, 1.000000, 0.000000]]),
 [[array([[2553.923857, 0.000000, 969.112990],
       [0.000000, 2556.833857, 623.886753],
       [0.000000, 0.000000, 1.000000]])]],
 [[0.4744411668357235]],
 [array([[-0.168195, -0.454867, -0.000897, -0.002421, 2.241525]])],
 [[array([[0.997864, 0.006056, -0.065046],
       [-0.006077, 0.999982, -0.000129],
       [0.065044, 0.000524, 0.997882]])]],
 [[array([[-476.675004],
       [0.583177],
       [-15.308127]])]])
