(array([[0.999606, 0.003966, -0.027794],
       [-0.003968, 0.999992, -0.000046],
       [0.027793, 0.000157, 0.999614]]),
 array([[0.999204, -0.001998, 0.039835],
       [0.001994, 0.999998, 0.000141],
       [-0.039835, -0.000062, 0.999206]]),
 [[0.5066560423117088]],
 array([[2546.543311, 0.000000, 931.184753, 0.000000],
       [0.000000, 2546.543311, 607.674324, 0.000000],
       [0.000000, 0.000000, 1.000000, 0.000000]]),
 [[array([[2543.759607, 0.000000, 920.626093],
       [0.000000, 2543.153247, 593.669771],
       [0.000000, 0.000000, 1.000000]])]],
 [[0.42299196053794874]],
 [array([[-0.160744, -0.420997, -0.000119, -0.000233, 1.628963]])],
 array([[2546.543311, 0.000000, 931.184753, -1213892.369188],
       [0.000000, 2546.543311, 607.674324, 0.000000],
       [0.000000, 0.000000, 1.000000, 0.000000]]),
 [[array([[2546.185286, 0.000000, 969.790541],
       [0.000000, 2549.933375, 621.862121],
       [0.000000, 0.000000, 1.000000]])]],
 [[0.4168205806424714]],
 [array([[-0.173133, -0.454438, -0.000780, -0.002828, 2.249874]])],
 [[array([[0.997695, 0.005950, -0.067591],
       [-0.005967, 0.999982, -0.000053],
       [0.067590, 0.000456, 0.997713]])]],
 [[array([[-476.303097],
       [0.952368],
       [-18.988435]])]])
