(array([[ 9.99674266e-01,  5.15677277e-03, -2.49953989e-02],
       [-5.14208932e-03,  9.99986567e-01,  6.51685511e-04],
       [ 2.49984237e-02, -5.22944661e-04,  9.99687354e-01]]),
 array([[ 9.99194615e-01, -7.56984589e-04,  4.01191851e-02],
       [ 7.80553727e-04,  9.99999532e-01, -5.71817321e-04],
       [-4.01187335e-02,  6.02671967e-04,  9.99194738e-01]]),
 [[0.665329407548191]],
 array([[2.56272590e+03, 0.00000000e+00, 9.13759453e+02, 0.00000000e+00],
       [0.00000000e+00, 2.56272590e+03, 6.15597244e+02, 0.00000000e+00],
       [0.00000000e+00, 0.00000000e+00, 1.00000000e+00, 0.00000000e+00]]),
 [[array([[2.56739511e+03, 0.00000000e+00, 9.07042600e+02],
       [0.00000000e+00, 2.56017541e+03, 6.03841330e+02],
       [0.00000000e+00, 0.00000000e+00, 1.00000000e+00]])]],
 [[0.5742361284592391]],
 [array([[-1.29027901e-01, -6.17750499e-01,  5.20956496e-04,
        -3.45782169e-03,  2.24149979e+00]])],
 array([[ 2.56272590e+03,  0.00000000e+00,  9.13759453e+02,
        -1.21744465e+06],
       [ 0.00000000e+00,  2.56272590e+03,  6.15597244e+02,
         0.00000000e+00],
       [ 0.00000000e+00,  0.00000000e+00,  1.00000000e+00,
         0.00000000e+00]]),
 [[array([[2.56343044e+03, 0.00000000e+00, 9.49654543e+02],
       [0.00000000e+00, 2.56527639e+03, 6.29615996e+02],
       [0.00000000e+00, 0.00000000e+00, 1.00000000e+00]])]],
 [[0.5617705132959867]],
 [array([[-1.73979995e-01, -2.99504687e-01, -6.93637653e-04,
        -2.74020273e-03,  1.67561112e+00]])],
 [[array([[ 9.97862224e-01,  5.95414270e-03, -6.50809498e-02],
       [-5.88375907e-03,  9.99981880e-01,  1.27308988e-03],
       [ 6.50873507e-02, -8.87447672e-04,  9.97879176e-01]])]],
 [[array([[-4.74675869e+02],
       [ 3.59611944e-01],
       [-1.90589588e+01]])]])
