(array([[ 9.99905675e-01,  4.05159506e-03, -1.31234410e-02],
       [-4.05711183e-03,  9.99991692e-01, -3.93780067e-04],
       [ 1.31217365e-02,  4.46986192e-04,  9.99913806e-01]]),
 array([[ 9.98592261e-01, -2.38723903e-03,  5.29886527e-02],
       [ 2.36495492e-03,  9.99997087e-01,  4.83243093e-04],
       [-5.29896520e-02, -3.57247038e-04,  9.98594998e-01]]),
 [[0.6444367035996724]],
 array([[2.55477204e+03, 0.00000000e+00, 8.71622635e+02, 0.00000000e+00],
       [0.00000000e+00, 2.55477204e+03, 6.09755096e+02, 0.00000000e+00],
       [0.00000000e+00, 0.00000000e+00, 1.00000000e+00, 0.00000000e+00]]),
 [[array([[2.56358996e+03, 0.00000000e+00, 9.00413244e+02],
       [0.00000000e+00, 2.55836987e+03, 5.95131659e+02],
       [0.00000000e+00, 0.00000000e+00, 1.00000000e+00]])]],
 [[0.6067080727105552]],
 [array([[-1.23914206e-01, -2.12779516e+00, -1.52717261e-03,
         9.25613554e-04,  1.36046804e+01]])],
 [[array([[ 0.25120408],
       [-0.06108988],
       [ 0.03342602]]),
   array([[ 0.05038241],
       [-0.04261888],
       [ 0.03334679]]),
   array([[ 0.01214069],
       [-0.46295672],
       [ 0.03039715]]),
   array([[0.03574225],
       [0.36048386],
       [0.02616966]]),
   array([[-0.394115  ],
       [-0.02651906],
       [-0.03340961]])]],
 array([[ 2.55477204e+03,  0.00000000e+00,  8.71622635e+02,
        -1.20321549e+06],
       [ 0.00000000e+00,  2.55477204e+03,  6.09755096e+02,
         0.00000000e+00],
       [ 0.00000000e+00,  0.00000000e+00,  1.00000000e+00,
         0.00000000e+00]]),
 [[array([[2.54911511e+03, 0.00000000e+00, 9.39000184e+02],
       [0.00000000e+00, 2.55117421e+03, 6.25068394e+02],
       [0.00000000e+00, 0.00000000e+00, 1.00000000e+00]])]],
 [[0.5919088397195084]],
 [array([[-1.02205657e-01, -1.73551064e+00, -1.83180918e-03,
        -4.42351612e-03,  9.55041050e+00]])],
 [[array([[ 0.24741762],
       [-0.13011811],
       [ 0.03484261]]),
   array([[ 0.04549751],
       [-0.09946301],
       [ 0.02852558]]),
   array([[ 0.01544485],
       [-0.53240815],
       [ 0.02512482]]),
   array([[0.03099502],
       [0.28496157],
       [0.02130283]]),
   array([[-0.39209528],
       [-0.08665043],
       [-0.05235224]])]],
 [[array([[ 9.97793158e-01,  6.38714110e-03, -6.60909825e-02],
       [-6.44880157e-03,  9.99978947e-01, -7.19666375e-04],
       [ 6.60849945e-02,  1.14428582e-03,  9.97813341e-01]])]],
 [[array([[-470.30484852],
       [   1.12431283],
       [ -24.95595177]])]])
