(array([[ 9.99218696e-01,  4.75310508e-03, -3.92352665e-02],
       [-4.73158507e-03,  9.99988600e-01,  6.41326949e-04],
       [ 3.92378675e-02, -4.55180876e-04,  9.99229795e-01]]),
 array([[ 9.98901406e-01, -1.71774649e-03,  4.68298106e-02],
       [ 1.74343293e-03,  9.99998351e-01, -5.07666948e-04],
       [-4.68288614e-02,  5.88753862e-04,  9.98902754e-01]]),
 [[0.6974252709552935]],
 array([[2.56587679e+03, 0.00000000e+00, 9.24068138e+02, 0.00000000e+00],
       [0.00000000e+00, 2.56587679e+03, 6.29547832e+02, 0.00000000e+00],
       [0.00000000e+00, 0.00000000e+00, 1.00000000e+00, 0.00000000e+00]]),
 [[array([[2.57159779e+03, 0.00000000e+00, 8.79677473e+02],
       [0.00000000e+00, 2.56448675e+03, 6.20432029e+02],
       [0.00000000e+00, 0.00000000e+00, 1.00000000e+00]])]],
 [[0.6574520960736969]],
 [array([[-0.24621769,  0.09242694, -0.0029004 ,  0.00139385,  0.45927674]])],
 [[array([[ 0.25889341],
       [-0.05166663],
       [ 0.03164603]]),
   array([[ 0.05677977],
       [-0.03483644],
       [ 0.03268116]]),
   array([[ 0.02052596],
       [-0.45533625],
       [ 0.02759923]]),
   array([[0.0470814 ],
       [0.36808581],
       [0.02711699]]),
   array([[-0.38580517],
       [-0.0198748 ],
       [-0.03255815]]),
   array([[ 0.34328198],
       [-0.04757154],
       [ 0.03320446]]),
   array([[ 0.00509838],
       [-0.02971091],
       [ 0.01945959]]),
   array([[ 0.01758163],
       [-0.40968607],
       [ 0.02365871]]),
   array([[0.04474759],
       [0.39141968],
       [0.03456293]]),
   array([[-0.35313129],
       [-0.05698225],
       [ 0.00645446]]),
   array([[ 0.31912234],
       [-0.05143825],
       [ 0.07586643]]),
   array([[ 0.05632589],
       [-0.03385434],
       [ 0.05526087]]),
   array([[-0.40583261],
       [-0.01688225],
       [ 0.02384255]]),
   array([[ 0.39772503],
       [-0.01370076],
       [ 0.05900455]]),
   array([[-0.01646691],
       [-0.33127131],
       [ 0.02600161]]),
   array([[0.04695792],
       [0.42499036],
       [0.01209799]]),
   array([[ 0.06897662],
       [-0.0136614 ],
       [ 0.00291718]]),
   array([[ 0.06625863],
       [-0.02533199],
       [ 0.00389687]]),
   array([[ 0.01789326],
       [-0.29080765],
       [ 0.0245165 ]]),
   array([[-0.34009066],
       [ 0.10452576],
       [ 0.02146497]])]],
 array([[ 2.56587679e+03,  0.00000000e+00,  9.24068138e+02,
        -1.21504210e+06],
       [ 0.00000000e+00,  2.56587679e+03,  6.29547832e+02,
         0.00000000e+00],
       [ 0.00000000e+00,  0.00000000e+00,  1.00000000e+00,
         0.00000000e+00]]),
 [[array([[2.56835381e+03, 0.00000000e+00, 9.73932138e+02],
       [0.00000000e+00, 2.56726682e+03, 6.45708931e+02],
       [0.00000000e+00, 0.00000000e+00, 1.00000000e+00]])]],
 [[0.653565407611631]],
 [array([[-0.17884987, -0.27270027, -0.00150009, -0.00315351,  1.34408789]])],
 [[array([[ 0.25290074],
       [-0.14245585],
       [ 0.03622687]]),
   array([[ 0.051416  ],
       [-0.10854813],
       [ 0.02871746]]),
   array([[ 0.02258486],
       [-0.54631512],
       [ 0.023444  ]]),
   array([[0.03831061],
       [0.27402154],
       [0.02305422]]),
   array([[-0.38309658],
       [-0.09848549],
       [-0.05464919]]),
   array([[ 0.33733162],
       [-0.13646208],
       [ 0.0413925 ]]),
   array([[ 0.00453166],
       [-0.10774038],
       [ 0.0144179 ]]),
   array([[ 0.01640878],
       [-0.50001784],
       [ 0.01830899]]),
   array([[0.04050661],
       [0.29686816],
       [0.02937832]]),
   array([[-0.35394745],
       [-0.13997696],
       [-0.0150529 ]]),
   array([[ 0.30921533],
       [-0.13496455],
       [ 0.08249265]]),
   array([[ 0.05256826],
       [-0.10979563],
       [ 0.05275074]]),
   array([[-0.40992878],
       [-0.10278985],
       [-0.00086935]]),
   array([[ 0.39207796],
       [-0.0935436 ],
       [ 0.06909505]]),
   array([[-0.01671969],
       [-0.42081058],
       [ 0.01919738]]),
   array([[0.04617502],
       [0.3308221 ],
       [0.00681529]]),
   array([[ 0.06446354],
       [-0.08757489],
       [ 0.00015582]]),
   array([[ 0.06202072],
       [-0.0988251 ],
       [ 0.00099642]]),
   array([[ 0.01867487],
       [-0.37864592],
       [ 0.01946043]]),
   array([[-3.44945022e-01],
       [ 2.00739458e-02],
       [ 2.51177510e-04]])]],
 [[array([[ 9.96275246e-01,  6.51261201e-03, -8.59838383e-02],
       [-6.42488023e-03,  9.99978519e-01,  1.29702253e-03],
       [ 8.59904383e-02, -7.39755581e-04,  9.96295688e-01]])]],
 [[array([[-473.01852902],
       [   0.81341954],
       [ -22.17573026]])]])
