image_width: 1936
image_height: 1216
camera_name: camera_right
camera_matrix:
  rows: 3
  cols: 3
  data: [2563.43044, 0.00000000, 949.654543,0.00000000, 2565.27639, 629.615996, 0.00000000, 0.00000000, 1.00000000]
distortion_model: plumb_bob
distortion_coefficients:
  rows: 1
  cols: 5
  data: [-0.173979995, -0.299504687, -0.000693637653,-0.00274020273,  1.67561112] 
rectification_matrix:
  rows: 3
  cols: 3
  data:  [0.999194615, -0.000756984589,  0.0401191851 , 0.000780553727,  0.999999532, 0.000571817321,-0.0401187335,  0.000602671967,  0.999194738]
projection_matrix:
  rows: 3
  cols: 4
  data: [ 2562.72590,  0.00000000,  913.759453, -1.217444.65, 0.00000000,  2562.72590,  615.597244,0.00000000, 0.00000000,  0.00000000,  1.00000000, 0.00000000]




