image_width: 1936
image_height: 1216
camera_name: camera_left
camera_matrix:
  rows: 3
  cols: 3
  data: [2561.41720, 0.00000000, 903.328715,0.00000000, 2558.33609, 611.736763, 0.00000000, 0.00000000, 1.00000000]
distortion_model: plumb_bob
distortion_coefficients:
  rows: 1
  cols: 5
  data: [-0.21509461, -0.01760499, -0.00182562,  0.00049509,  0.41244251]
rectification_matrix:
  rows: 3
  cols: 3
  data: [ 0.999411456,  0.00288963324, -0.0341817331,-0.00288161078,  0.999995808,  0.000283961640, 0.0341824103, -0.000185296066,  0.999415593]
projection_matrix:
  rows: 3
  cols: 4
  data: [2559.82889, 0, 930.319321, 0.000, 0.000 , 2559.82889, 622.341766, 0.00000000, 0.00000000, 0.00000000, 1.00000000, 0.00000000]