image_width: 1936
image_height: 1216
camera_name: camera_right
camera_matrix:
  rows: 3
  cols: 3
  data: [2558.06726, 0.00000000, 981.954052,0.00000000, 2561.32169, 637.192983, 0.00000000, 0.00000000, 1.00000000]
distortion_model: plumb_bob
distortion_coefficients:
  rows: 1
  cols: 5
  data:  [-0.167462560, -0.455844363, -0.000953386010,-0.00383248202,  2.06812005]
rectification_matrix:
  rows: 3
  cols: 3
  data: [ 0.998947373, -0.00341983518,  0.0457433162,0.00343057219,  0.999994103, -0.000156220968,-0.0457425123,  0.000312982275,  0.998953214]
projection_matrix:
  rows: 3
  cols: 4
  data: [2559.82889,  0.00000000,  930.319321,-1214796.59,0.00000000,  2559.82889,  622.341766, 0.00000000, 0.00000000,  0.00000000,  1.00000000,0.00000000]


