image_width: 1936
image_height: 1216
camera_name: camera_left
camera_matrix:
  rows: 3
  cols: 3
  data: [2567.39511, 0.00000000, 907.042600, 0.00000000, 2560.17541, 603.841330, 0.00000000, 0.00000000, 1.00000000]
distortion_model: plumb_bob
distortion_coefficients:
  rows: 1
  cols: 5
  data: [-0.129027901, -0.617750499,  0.000520956496,-0.00345782169,  2.24149979]
rectification_matrix:
  rows: 3
  cols: 3
  data: [ 0.999674266,  0.00515677277, -0.0249953989, -0.00514208932,  0.999986567,  0.000651685511, 0.0249984237, 0.000522944661,  0.999687354]
projection_matrix:
  rows: 3
  cols: 4
  data: [2562.72590, 0.00000000, 913.759453, 0.00000000, 0.00000000, 2562.72590, 615.597244, 0.00000000 , 0.00000000, 0.00000000, 1.00000000, 0.00000000]



